2000,000000	25,641026	1,677888	1,642708
2001,000000	25,653846	1,934809	1,705820
2002,000000	25,666667	1,690569	1,727449
2003,000000	25,679487	1,649394	1,794927
2004,000000	25,692308	1,821870	1,731926
2005,000000	25,705128	1,695748	1,803985
2006,000000	25,717949	1,690137	1,721170
2007,000000	25,730769	1,554326	1,676097
2008,000000	25,743590	1,620894	1,713327
2009,000000	25,756410	1,826240	1,685948
2010,000000	25,769231	1,879320	1,778762
2011,000000	25,782051	1,812100	1,720849
2012,000000	25,794872	1,494505	1,806181
2013,000000	25,807692	1,636505	1,602878
2014,000000	25,820513	1,996219	1,696839
2015,000000	25,833333	1,775091	1,811933
2016,000000	25,846154	1,744582	1,780881
2017,000000	25,858974	1,756048	1,937217
2018,000000	25,871795	2,004824	1,704015
2019,000000	25,884615	1,906827	1,634678
2020,000000	25,897436	1,922441	1,648385
2021,000000	25,910256	1,695311	1,667795
2022,000000	25,923077	1,807627	1,723289
2023,000000	25,935897	1,652621	1,725619
2024,000000	25,948718	1,785280	1,773503
2025,000000	25,961538	1,687108	1,941722
2026,000000	25,974359	1,945298	1,645088
2027,000000	25,987179	1,759486	1,657957
2028,000000	26,000000	1,759430	1,673533
2029,000000	26,012821	1,707197	1,737410
2030,000000	26,025641	1,781942	1,719683
2031,000000	26,038462	1,731929	1,788863
2032,000000	26,051282	1,860430	1,782760
2033,000000	26,064103	1,581859	1,692692
2034,000000	26,076923	1,683112	1,815629
2035,000000	26,089744	1,783097	1,898743
2036,000000	26,102564	1,595779	1,679421
2037,000000	26,115385	1,724246	1,879369
2038,000000	26,128205	1,804459	1,703547
2039,000000	26,141026	1,585156	1,642877
2040,000000	26,153846	1,801822	1,723990
2041,000000	26,166667	1,775839	1,854609
2042,000000	26,179487	1,644260	1,825228
2043,000000	26,192308	1,817730	1,699300
2044,000000	26,205128	1,767857	1,804155
2045,000000	26,217949	1,931914	1,764387
2046,000000	26,230769	1,783325	1,652855
2047,000000	26,243590	1,634384	1,686546
2048,000000	26,256410	1,740893	1,818897
2049,000000	26,269231	1,648001	1,783669
2050,000000	26,282051	1,793662	1,769186
2051,000000	26,294872	1,613172	1,806358
2052,000000	26,307692	1,766291	1,878068
2053,000000	26,320513	1,682977	1,640323
2054,000000	26,333333	1,687892	1,703977
2055,000000	26,346154	1,836390	1,595864
2056,000000	26,358974	1,705934	1,701359
2057,000000	26,371795	1,727987	1,778436
2058,000000	26,384615	1,650660	1,788650
2059,000000	26,397436	1,816741	1,589680
2060,000000	26,410256	1,911321	1,799923
2061,000000	26,423077	1,787791	1,755495
2062,000000	26,435897	1,729032	1,784039
2063,000000	26,448718	1,709740	1,767137
2064,000000	26,461538	1,622236	1,824815
2065,000000	26,474359	1,886102	1,692506
2066,000000	26,487179	1,919406	1,786284
2067,000000	26,500000	1,867448	1,747997
2068,000000	26,512821	1,692676	1,730183
2069,000000	26,525641	1,963895	1,688631
2070,000000	26,538462	1,606265	1,741969
2071,000000	26,551282	1,647114	1,643801
2072,000000	26,564103	1,726510	1,800697
2073,000000	26,576923	1,848314	1,818208
2074,000000	26,589744	1,674256	1,825958
2075,000000	26,602564	1,769256	1,879958
2076,000000	26,615385	1,799123	1,793146
2077,000000	26,628205	1,666630	1,764714
2078,000000	26,641026	1,763287	1,750787
2079,000000	26,653846	1,808659	1,819679
2080,000000	26,666667	1,633896	1,714263
2081,000000	26,679487	1,593861	1,685561
2082,000000	26,692308	1,771497	1,814467
2083,000000	26,705128	1,787651	1,942650
2084,000000	26,717949	1,647134	1,635946
2085,000000	26,730769	1,772976	1,726488
2086,000000	26,743590	1,789984	1,847864
2087,000000	26,756410	1,678184	1,651552
2088,000000	26,769231	1,642380	1,597490
2089,000000	26,782051	1,798517	1,894631
2090,000000	26,794872	1,593677	1,872340
2091,000000	26,807692	1,815100	1,766667
2092,000000	26,820513	1,856057	1,697436
2093,000000	26,833333	1,658980	1,775570
2094,000000	26,846154	1,760124	1,642292
2095,000000	26,858974	1,839003	1,959306
2096,000000	26,871795	1,716720	1,781412
2097,000000	26,884615	1,746710	1,716018
2098,000000	26,897436	1,729989	1,826113
2099,000000	26,910256	1,582183	1,817634
2100,000000	26,923077	1,890955	1,760655
2101,000000	26,935897	1,837932	1,948929
2102,000000	26,948718	1,632117	1,755981
2103,000000	26,961538	1,717115	1,732801
2104,000000	26,974359	1,647630	1,903639
2105,000000	26,987179	1,684937	1,672074
2106,000000	27,000000	1,687361	1,650366
2107,000000	27,012821	1,888428	1,937377
2108,000000	27,025641	1,817284	1,713595
2109,000000	27,038462	1,738364	1,807494
2110,000000	27,051282	1,788817	1,836739
2111,000000	27,064103	1,663099	1,753262
2112,000000	27,076923	1,622231	1,702967
2113,000000	27,089744	1,789758	1,756375
2114,000000	27,102564	1,669852	1,634158
2115,000000	27,115385	1,573714	1,696343
2116,000000	27,128205	1,755237	1,651582
2117,000000	27,141026	1,689937	1,964388
2118,000000	27,153846	1,632516	1,958640
2119,000000	27,166667	1,752394	1,999323
2120,000000	27,179487	1,792964	1,877222
2121,000000	27,192308	1,965637	1,765526
2122,000000	27,205128	1,776641	1,825585
2123,000000	27,217949	1,669742	1,657035
2124,000000	27,230769	1,804708	1,827685
2125,000000	27,243590	1,729294	1,761595
2126,000000	27,256410	1,661750	1,825390
2127,000000	27,269231	1,886853	1,887171
2128,000000	27,282051	1,759148	1,597551
2129,000000	27,294872	1,940754	1,819627
2130,000000	27,307692	1,738110	1,757966
2131,000000	27,320513	1,800308	1,682651
2132,000000	27,333333	1,703069	1,674427
2133,000000	27,346154	1,850510	1,722235
2134,000000	27,358974	1,812482	1,923946
2135,000000	27,371795	1,831114	1,891039
2136,000000	27,384615	1,873342	1,692103
2137,000000	27,397436	1,673070	1,693252
2138,000000	27,410256	1,661844	1,627604
2139,000000	27,423077	1,821252	1,831035
2140,000000	27,435897	1,845298	1,879412
2141,000000	27,448718	1,759004	1,904539
2142,000000	27,461538	1,580479	1,822978
2143,000000	27,474359	1,757826	1,748669
2144,000000	27,487179	1,699832	1,887753
2145,000000	27,500000	1,818770	1,674013
2146,000000	27,512821	1,628392	1,572330
2147,000000	27,525641	1,621371	1,674444
2148,000000	27,538462	1,750648	1,773994
2149,000000	27,551282	1,734776	1,817715
2150,000000	27,564103	1,728857	1,813692
2151,000000	27,576923	1,983612	1,761564
2152,000000	27,589744	1,735346	1,762818
2153,000000	27,602564	1,784073	1,739206
2154,000000	27,615385	1,648101	1,762939
2155,000000	27,628205	1,789514	1,700671
2156,000000	27,641026	1,805289	1,837346
2157,000000	27,653846	1,856985	1,750595
2158,000000	27,666667	1,676880	1,768282
2159,000000	27,679487	1,778147	1,557473
2160,000000	27,692308	1,663542	1,908055
2161,000000	27,705128	1,843243	1,722513
2162,000000	27,717949	2,039413	1,835974
2163,000000	27,730769	1,690819	1,746800
2164,000000	27,743590	1,614726	1,661292
2165,000000	27,756410	1,582027	1,544625
2166,000000	27,769231	1,732239	1,729528
2167,000000	27,782051	1,625231	1,700684
2168,000000	27,794872	1,733734	1,929787
2169,000000	27,807692	1,778149	1,946524
2170,000000	27,820513	1,652927	1,820546
2171,000000	27,833333	1,823565	1,737770
2172,000000	27,846154	1,724241	1,746961
2173,000000	27,858974	1,737348	1,889102
2174,000000	27,871795	1,773650	1,697754
2175,000000	27,884615	1,876540	1,685543
2176,000000	27,897436	1,807535	1,829689
2177,000000	27,910256	1,780070	1,678334
2178,000000	27,923077	1,795045	1,754647
2179,000000	27,935897	1,978503	1,540321
2180,000000	27,948718	1,633147	1,815519
2181,000000	27,961538	1,719115	1,729638
2182,000000	27,974359	1,852974	1,752986
2183,000000	27,987179	1,729341	1,732843
2184,000000	28,000000	1,652761	1,753103
2185,000000	28,012821	1,777373	1,866696
2186,000000	28,025641	1,691282	1,775926
2187,000000	28,038462	1,803242	1,790688
2188,000000	28,051282	1,637977	1,679403
2189,000000	28,064103	1,717741	1,608410
2190,000000	28,076923	1,589915	1,686719
2191,000000	28,089744	1,580838	1,869510
2192,000000	28,102564	1,684918	1,821681
2193,000000	28,115385	1,807775	1,681559
2194,000000	28,128205	1,705487	1,686502
2195,000000	28,141026	1,857232	1,759710
2196,000000	28,153846	1,891385	1,731989
2197,000000	28,166667	1,620173	1,727331
2198,000000	28,179487	1,893815	1,801392
2199,000000	28,192308	1,720045	1,685990
2200,000000	28,205128	1,668605	1,689910
2201,000000	28,217949	1,760347	1,854418
2202,000000	28,230769	1,772537	1,640697
2203,000000	28,243590	1,728914	1,692471
2204,000000	28,256410	1,760598	1,812681
2205,000000	28,269231	1,822736	1,882294
2206,000000	28,282051	1,758190	1,738719
2207,000000	28,294872	1,743548	1,833235
2208,000000	28,307692	1,676524	1,705768
2209,000000	28,320513	1,681524	1,827611
2210,000000	28,333333	1,658921	1,718315
2211,000000	28,346154	1,787002	1,666794
2212,000000	28,358974	1,601235	1,637809
2213,000000	28,371795	1,822113	1,690670
2214,000000	28,384615	1,787495	1,824940
2215,000000	28,397436	1,689356	1,782120
2216,000000	28,410256	1,735203	1,835634
2217,000000	28,423077	1,757601	1,843284
2218,000000	28,435897	1,798518	1,698134
2219,000000	28,448718	1,743178	1,742182
2220,000000	28,461538	1,675239	1,742497
2221,000000	28,474359	1,853180	1,497042
2222,000000	28,487179	1,909029	1,692060
2223,000000	28,500000	1,684337	1,589930
2224,000000	28,512821	1,845653	1,755800
2225,000000	28,525641	1,757583	1,793942
2226,000000	28,538462	1,824977	1,809319
2227,000000	28,551282	1,748924	1,892416
2228,000000	28,564103	1,977213	1,771318
2229,000000	28,576923	1,696599	1,734167
2230,000000	28,589744	1,715961	1,714157
2231,000000	28,602564	1,874951	1,829128
2232,000000	28,615385	1,790035	1,742592
2233,000000	28,628205	1,848914	1,620315
2234,000000	28,641026	1,700883	1,775700
2235,000000	28,653846	1,590742	1,788724
2236,000000	28,666667	1,776283	1,756844
2237,000000	28,679487	1,612643	1,760494
2238,000000	28,692308	1,811338	1,679261
2239,000000	28,705128	1,827584	1,800380
2240,000000	28,717949	1,865074	1,545930
2241,000000	28,730769	1,913012	1,893161
2242,000000	28,743590	1,744796	1,767120
2243,000000	28,756410	1,741476	1,761890
2244,000000	28,769231	1,681117	1,846528
2245,000000	28,782051	1,720787	1,874379
2246,000000	28,794872	1,692955	1,642007
2247,000000	28,807692	1,656146	1,770161
2248,000000	28,820513	1,691999	1,773137
2249,000000	28,833333	1,885220	1,781665
2250,000000	28,846154	1,677400	1,810950
2251,000000	28,858974	1,826384	1,712595
2252,000000	28,871795	1,677963	1,677148
2253,000000	28,884615	1,581165	1,699900
2254,000000	28,897436	1,611313	1,711172
2255,000000	28,910256	1,648816	1,835138
2256,000000	28,923077	1,683401	1,694014
2257,000000	28,935897	1,982327	1,656447
2258,000000	28,948718	1,755764	1,772821
2259,000000	28,961538	1,573315	1,597883
2260,000000	28,974359	1,617983	1,757693
2261,000000	28,987179	1,754117	1,637889
2262,000000	29,000000	1,680729	1,836298
2263,000000	29,012821	1,701094	1,806051
2264,000000	29,025641	1,712720	1,803410
2265,000000	29,038462	1,687273	1,774171
2266,000000	29,051282	1,716787	1,941674
2267,000000	29,064103	1,657238	1,624559
2268,000000	29,076923	1,713058	1,921557
2269,000000	29,089744	1,751352	1,972125
2270,000000	29,102564	1,748772	1,832658
2271,000000	29,115385	1,685388	1,810145
2272,000000	29,128205	1,766659	1,723992
2273,000000	29,141026	1,630382	1,753617
2274,000000	29,153846	1,732075	1,864012
2275,000000	29,166667	1,719106	1,843859
2276,000000	29,179487	1,760049	1,736213
2277,000000	29,192308	1,690658	1,886695
2278,000000	29,205128	1,734475	1,734991
2279,000000	29,217949	1,719317	1,583686
2280,000000	29,230769	1,700730	1,834798
2281,000000	29,243590	1,745157	1,840504
2282,000000	29,256410	1,814423	1,765913
2283,000000	29,269231	1,769665	1,704835
2284,000000	29,282051	1,829474	1,863699
2285,000000	29,294872	1,722776	1,638251
2286,000000	29,307692	1,723480	1,608370
2287,000000	29,320513	1,883686	1,839713
2288,000000	29,333333	1,630099	1,783811
2289,000000	29,346154	1,640529	1,683052
2290,000000	29,358974	1,750215	1,855835
2291,000000	29,371795	1,686960	1,814026
2292,000000	29,384615	1,663317	1,830424
2293,000000	29,397436	1,801543	1,521538
2294,000000	29,410256	1,597959	1,951841
2295,000000	29,423077	1,826157	1,804696
2296,000000	29,435897	1,834498	1,787614
2297,000000	29,448718	1,713926	1,920767
2298,000000	29,461538	1,827677	1,755035
2299,000000	29,474359	1,613746	1,856079
2300,000000	29,487179	1,916888	1,670421
2301,000000	29,500000	1,691341	1,647667
2302,000000	29,512821	1,769751	1,675118
2303,000000	29,525641	1,770658	1,703235
2304,000000	29,538462	1,716288	1,956517
2305,000000	29,551282	1,377831	1,807981
2306,000000	29,564103	1,776422	1,600934
2307,000000	29,576923	1,640718	1,618435
2308,000000	29,589744	1,696015	1,766741
2309,000000	29,602564	1,689444	1,735887
2310,000000	29,615385	1,794275	1,764423
2311,000000	29,628205	1,782814	1,565506
2312,000000	29,641026	1,706001	1,674845
2313,000000	29,653846	1,670274	1,766409
2314,000000	29,666667	1,893481	1,781550
2315,000000	29,679487	1,719428	1,731701
2316,000000	29,692308	1,905120	1,742001
2317,000000	29,705128	1,744167	1,720660
2318,000000	29,717949	1,783959	1,711749
2319,000000	29,730769	1,712447	1,831008
2320,000000	29,743590	1,637339	1,908905
2321,000000	29,756410	1,592153	1,722796
2322,000000	29,769231	1,676409	2,006269
2323,000000	29,782051	1,667635	1,674231
2324,000000	29,794872	1,808771	1,798670
2325,000000	29,807692	1,861281	1,745270
2326,000000	29,820513	1,757503	1,836855
2327,000000	29,833333	1,673228	1,937787
2328,000000	29,846154	1,778914	1,808918
2329,000000	29,858974	1,873073	1,734856
2330,000000	29,871795	1,600689	1,765218
2331,000000	29,884615	1,921397	1,746514
2332,000000	29,897436	1,802055	1,734434
2333,000000	29,910256	1,697679	1,738110
2334,000000	29,923077	1,757960	1,813494
2335,000000	29,935897	1,775340	1,712775
2336,000000	29,948718	1,609163	1,653834
2337,000000	29,961538	1,961188	1,636423
2338,000000	29,974359	1,865142	1,610558
2339,000000	29,987179	1,873513	1,679304
2340,000000	30,000000	1,651020	1,851657
2341,000000	30,012821	1,860742	1,486546
2342,000000	30,025641	1,787389	1,910567
2343,000000	30,038462	1,752171	2,011681
2344,000000	30,051282	1,860023	1,659478
2345,000000	30,064103	1,813338	1,874159
2346,000000	30,076923	1,726002	1,841900
2347,000000	30,089744	1,859312	1,768996
2348,000000	30,102564	1,896472	1,938651
2349,000000	30,115385	1,723278	1,752638
2350,000000	30,128205	1,698590	1,734440
2351,000000	30,141026	1,661531	1,806881
2352,000000	30,153846	1,780386	1,642592
2353,000000	30,166667	1,747081	1,683041
2354,000000	30,179487	1,946579	1,667175
2355,000000	30,192308	1,778550	1,709984
2356,000000	30,205128	1,501552	1,655613
2357,000000	30,217949	1,633953	1,852947
2358,000000	30,230769	1,931387	1,639605
2359,000000	30,243590	1,822714	1,870418
2360,000000	30,256410	1,643572	1,736954
2361,000000	30,269231	1,826528	1,716944
2362,000000	30,282051	1,837971	1,709574
2363,000000	30,294872	1,751057	1,788250
2364,000000	30,307692	1,735832	1,855262
2365,000000	30,320513	1,845825	1,781960
2366,000000	30,333333	1,860738	1,647917
2367,000000	30,346154	1,659788	1,600405
2368,000000	30,358974	1,583957	1,754528
2369,000000	30,371795	1,816939	1,532245
2370,000000	30,384615	1,720554	1,642752
2371,000000	30,397436	1,703597	1,722053
2372,000000	30,410256	1,673262	1,859279
2373,000000	30,423077	1,811936	1,799897
2374,000000	30,435897	2,019200	1,833625
2375,000000	30,448718	1,840558	1,583876
2376,000000	30,461538	1,839204	1,776371
2377,000000	30,474359	1,841728	1,774751
2378,000000	30,487179	1,745202	1,713259
2379,000000	30,500000	1,875929	1,746527
2380,000000	30,512821	1,691147	1,724769
2381,000000	30,525641	1,816339	1,904255
2382,000000	30,538462	1,802991	1,753298
2383,000000	30,551282	1,931947	1,852144
2384,000000	30,564103	1,845437	1,781911
2385,000000	30,576923	1,792480	1,760623
2386,000000	30,589744	1,687812	1,847116
2387,000000	30,602564	1,669624	1,566293
2388,000000	30,615385	1,663735	1,671763
2389,000000	30,628205	1,683591	1,767143
2390,000000	30,641026	1,752830	1,758183
2391,000000	30,653846	1,547652	1,748643
2392,000000	30,666667	1,762966	1,781609
2393,000000	30,679487	1,836309	1,679337
2394,000000	30,692308	1,728188	1,769091
2395,000000	30,705128	1,778346	1,773485
2396,000000	30,717949	1,580336	1,849175
2397,000000	30,730769	1,733743	1,781487
2398,000000	30,743590	1,742318	1,707118
2399,000000	30,756410	1,776149	1,813340
2400,000000	30,769231	1,717377	1,894809
2401,000000	30,782051	1,783297	1,633271
2402,000000	30,794872	1,773784	1,728519
2403,000000	30,807692	1,784546	1,716890
2404,000000	30,820513	1,559564	1,810077
2405,000000	30,833333	1,753244	1,771792
2406,000000	30,846154	1,714101	1,659907
2407,000000	30,858974	1,749888	1,687648
2408,000000	30,871795	1,594580	1,770356
2409,000000	30,884615	1,769654	1,637913
2410,000000	30,897436	1,800816	1,863805
2411,000000	30,910256	1,692386	1,659281
2412,000000	30,923077	1,727688	1,687281
2413,000000	30,935897	1,898761	1,667566
2414,000000	30,948718	1,673745	1,758387
2415,000000	30,961538	1,839707	1,696202
2416,000000	30,974359	1,783015	1,705360
2417,000000	30,987179	1,730273	1,822651
2418,000000	31,000000	1,886946	1,892505
2419,000000	31,012821	1,795959	1,588267
2420,000000	31,025641	1,833522	1,823982
2421,000000	31,038462	1,719416	1,719163
2422,000000	31,051282	1,678864	1,848580
2423,000000	31,064103	1,840911	1,753692
2424,000000	31,076923	1,733472	1,805449
2425,000000	31,089744	1,742672	1,644645
2426,000000	31,102564	1,796202	1,729022
2427,000000	31,115385	1,747514	1,562969
2428,000000	31,128205	1,825411	1,884381
2429,000000	31,141026	1,763372	1,862893
2430,000000	31,153846	1,745627	1,769228
2431,000000	31,166667	1,801878	1,795877
2432,000000	31,179487	1,962129	1,873008
2433,000000	31,192308	1,637267	1,808768
2434,000000	31,205128	1,772131	1,869460
2435,000000	31,217949	1,790709	1,793172
2436,000000	31,230769	1,874301	1,830135
2437,000000	31,243590	1,804738	1,847507
2438,000000	31,256410	1,745053	1,768530
2439,000000	31,269231	1,807623	1,773066
2440,000000	31,282051	1,796454	1,778682
2441,000000	31,294872	1,921884	1,727837
2442,000000	31,307692	1,724702	1,723884
2443,000000	31,320513	1,637818	1,767719
2444,000000	31,333333	1,817551	1,657166
2445,000000	31,346154	1,783825	1,690204
2446,000000	31,358974	1,673739	1,845759
2447,000000	31,371795	1,742272	1,753894
2448,000000	31,384615	1,705683	1,785219
2449,000000	31,397436	1,828841	1,484202
2450,000000	31,410256	1,767732	1,820800
2451,000000	31,423077	1,657639	1,745745
2452,000000	31,435897	1,851608	1,766246
2453,000000	31,448718	1,798376	1,688001
2454,000000	31,461538	1,779297	1,814532
2455,000000	31,474359	1,670106	1,851706
2456,000000	31,487179	1,800943	1,717335
2457,000000	31,500000	1,781883	1,761055
2458,000000	31,512821	1,663128	1,882813
2459,000000	31,525641	1,795328	1,788211
2460,000000	31,538462	1,706304	1,683849
2461,000000	31,551282	1,672905	1,961801
2462,000000	31,564103	1,537965	1,877633
2463,000000	31,576923	1,657493	1,800093
2464,000000	31,589744	1,871370	1,828726
2465,000000	31,602564	1,822799	1,934667
2466,000000	31,615385	1,762969	1,694846
2467,000000	31,628205	1,823597	1,888567
2468,000000	31,641026	1,718844	1,743076
2469,000000	31,653846	1,904422	1,886014
2470,000000	31,666667	1,846341	1,776386
2471,000000	31,679487	1,770606	1,810695
2472,000000	31,692308	1,877528	1,758533
2473,000000	31,705128	1,572554	1,680064
2474,000000	31,717949	1,597985	1,667496
2475,000000	31,730769	1,717950	1,621884
2476,000000	31,743590	1,679981	1,732014
2477,000000	31,756410	1,699080	1,737598
2478,000000	31,769231	1,731784	1,652984
2479,000000	31,782051	1,835145	1,801083
2480,000000	31,794872	1,672303	1,664036
2481,000000	31,807692	1,615645	1,754625
2482,000000	31,820513	1,959856	1,876652
2483,000000	31,833333	1,774313	1,706362
2484,000000	31,846154	1,817561	1,772725
2485,000000	31,858974	1,741774	1,749509
2486,000000	31,871795	1,762954	1,695354
2487,000000	31,884615	1,703688	1,857306
2488,000000	31,897436	1,614700	1,773089
2489,000000	31,910256	1,849597	1,659093
2490,000000	31,923077	1,648718	1,780997
2491,000000	31,935897	1,830769	1,667372
2492,000000	31,948718	1,738913	2,001445
2493,000000	31,961538	1,744222	1,833015
2494,000000	31,974359	1,715950	1,648688
2495,000000	31,987179	1,703812	1,785597
2496,000000	32,000000	1,682536	1,788307
2497,000000	32,012821	1,596110	1,906364
2498,000000	32,025641	1,603411	1,757643
2499,000000	32,038462	1,891971	1,707897
2500,000000	32,051282	1,869824	1,656922
2501,000000	32,064103	1,699203	1,646859
2502,000000	32,076923	1,901867	1,801437
2503,000000	32,089744	1,737172	1,778835
2504,000000	32,102564	1,705806	1,750368
2505,000000	32,115385	1,752671	1,716844
2506,000000	32,128205	1,718857	1,774118
2507,000000	32,141026	1,815646	1,693123
2508,000000	32,153846	1,685079	1,629804
2509,000000	32,166667	1,795388	1,811048
2510,000000	32,179487	1,805635	1,717247
2511,000000	32,192308	1,801838	1,562955
2512,000000	32,205128	1,700191	1,619083
2513,000000	32,217949	1,634770	1,823748
2514,000000	32,230769	1,786716	1,719825
2515,000000	32,243590	1,821795	1,791554
2516,000000	32,256410	1,811135	1,899257
2517,000000	32,269231	1,748810	1,827328
2518,000000	32,282051	1,789551	1,728163
2519,000000	32,294872	1,808127	1,754515
2520,000000	32,307692	1,732544	1,984190
2521,000000	32,320513	1,872744	1,910129
2522,000000	32,333333	1,814262	1,681320
2523,000000	32,346154	1,630310	1,831259
2524,000000	32,358974	1,809727	1,721368
2525,000000	32,371795	1,591450	1,824167
2526,000000	32,384615	1,851971	1,765669
2527,000000	32,397436	1,694150	1,722018
2528,000000	32,410256	1,625993	1,938297
2529,000000	32,423077	1,809092	1,795441
2530,000000	32,435897	1,819664	1,823625
2531,000000	32,448718	1,792231	1,666669
2532,000000	32,461538	1,869368	1,835841
2533,000000	32,474359	1,619220	1,645605
2534,000000	32,487179	1,817277	1,815934
2535,000000	32,500000	1,676553	1,612909
2536,000000	32,512821	1,896310	1,723680
2537,000000	32,525641	1,730481	1,838539
2538,000000	32,538462	1,737839	1,780600
2539,000000	32,551282	1,720208	1,818322
2540,000000	32,564103	1,837704	1,755504
2541,000000	32,576923	1,919056	1,668364
2542,000000	32,589744	1,705139	1,522869
2543,000000	32,602564	1,771062	1,655245
2544,000000	32,615385	1,692984	1,700470
2545,000000	32,628205	1,897149	1,862481
2546,000000	32,641026	1,610819	1,713452
2547,000000	32,653846	1,745848	1,724452
2548,000000	32,666667	1,657707	1,670308
2549,000000	32,679487	1,802931	1,789893
2550,000000	32,692308	1,527579	1,728879
2551,000000	32,705128	1,825607	1,713193
2552,000000	32,717949	1,652968	1,724484
2553,000000	32,730769	1,864917	1,779853
2554,000000	32,743590	1,667208	1,796919
2555,000000	32,756410	1,769155	1,889733
2556,000000	32,769231	1,680850	1,811754
2557,000000	32,782051	1,711764	1,678339
2558,000000	32,794872	1,833506	1,729766
2559,000000	32,807692	1,681310	1,820842
2560,000000	32,820513	1,876717	1,732161
2561,000000	32,833333	1,738440	1,834006
2562,000000	32,846154	1,757068	1,948449
2563,000000	32,858974	1,786975	1,619952
2564,000000	32,871795	1,865082	1,618932
2565,000000	32,884615	1,750534	1,666630
2566,000000	32,897436	1,713977	1,781973
2567,000000	32,910256	1,787068	1,658144
2568,000000	32,923077	1,777267	1,698455
2569,000000	32,935897	1,741069	1,833525
2570,000000	32,948718	1,736868	1,836799
2571,000000	32,961538	1,731482	1,933116
2572,000000	32,974359	1,752256	1,972776
2573,000000	32,987179	1,685576	1,814335
2574,000000	33,000000	1,749242	1,649534
2575,000000	33,012821	1,826191	1,716408
2576,000000	33,025641	1,801923	1,664006
2577,000000	33,038462	1,759500	1,828632
2578,000000	33,051282	1,923770	1,812078
2579,000000	33,064103	1,753764	1,673167
2580,000000	33,076923	1,738189	1,783388
2581,000000	33,089744	1,715368	1,709847
2582,000000	33,102564	1,627638	1,649755
2583,000000	33,115385	1,725695	1,766340
2584,000000	33,128205	1,762015	1,716039
2585,000000	33,141026	1,837685	1,626254
2586,000000	33,153846	1,721709	1,686277
2587,000000	33,166667	1,811246	1,580446
2588,000000	33,179487	1,702945	1,735441
2589,000000	33,192308	1,821178	1,777076
2590,000000	33,205128	1,758890	1,794442
2591,000000	33,217949	1,593973	1,752012
2592,000000	33,230769	1,702005	1,847404
2593,000000	33,243590	1,740980	1,706789
2594,000000	33,256410	1,621207	1,913675
2595,000000	33,269231	1,798957	1,759354
2596,000000	33,282051	1,842028	1,871949
2597,000000	33,294872	1,660569	1,654645
2598,000000	33,307692	1,651632	1,765442
2599,000000	33,320513	1,854835	1,574350
2600,000000	33,333333	1,556113	1,622679
2601,000000	33,346154	1,659024	1,749180
2602,000000	33,358974	1,718454	1,738799
2603,000000	33,371795	1,811560	1,746945
2604,000000	33,384615	1,768315	1,747296
2605,000000	33,397436	1,675431	1,616086
2606,000000	33,410256	1,689172	1,676328
2607,000000	33,423077	1,772728	1,864776
2608,000000	33,435897	1,625757	1,792064
2609,000000	33,448718	1,803664	1,938694
2610,000000	33,461538	1,623281	1,858959
2611,000000	33,474359	1,678885	1,726385
2612,000000	33,487179	1,743644	1,736083
2613,000000	33,500000	1,622602	1,813657
2614,000000	33,512821	1,621228	1,721250
2615,000000	33,525641	1,765683	1,760308
2616,000000	33,538462	1,922185	1,812428
2617,000000	33,551282	1,795917	1,719375
2618,000000	33,564103	1,709667	1,691083
2619,000000	33,576923	1,814047	1,683538
2620,000000	33,589744	1,698131	1,773922
2621,000000	33,602564	1,715423	1,744198
2622,000000	33,615385	1,812917	1,776416
2623,000000	33,628205	1,942862	1,840704
2624,000000	33,641026	1,692275	1,863369
2625,000000	33,653846	1,781951	1,633739
2626,000000	33,666667	1,684193	1,841028
2627,000000	33,679487	1,659532	1,793766
2628,000000	33,692308	1,807617	1,738220
2629,000000	33,705128	1,902693	1,817436
2630,000000	33,717949	1,737173	1,665906
2631,000000	33,730769	1,687149	1,649074
2632,000000	33,743590	1,686740	1,606012
2633,000000	33,756410	1,729392	1,681098
2634,000000	33,769231	1,681275	1,700247
2635,000000	33,782051	1,721260	1,731097
2636,000000	33,794872	1,860322	1,889717
2637,000000	33,807692	1,595041	1,648430
2638,000000	33,820513	1,592995	1,745763
2639,000000	33,833333	1,647857	1,786655
2640,000000	33,846154	1,675019	1,831434
2641,000000	33,858974	1,647739	1,594804
2642,000000	33,871795	1,902925	1,626770
2643,000000	33,884615	1,757859	1,660177
2644,000000	33,897436	1,731148	1,640560
2645,000000	33,910256	1,849464	1,784622
2646,000000	33,923077	1,843132	1,820893
2647,000000	33,935897	1,839489	1,578286
2648,000000	33,948718	1,772059	2,006444
2649,000000	33,961538	1,752370	1,894380
2650,000000	33,974359	1,774199	1,617322
2651,000000	33,987179	1,782800	1,783509
2652,000000	34,000000	1,711547	1,871957
2653,000000	34,012821	1,767615	1,646171
2654,000000	34,025641	1,744430	1,889534
2655,000000	34,038462	1,662136	1,712040
2656,000000	34,051282	1,607320	1,663482
2657,000000	34,064103	1,673259	1,828545
2658,000000	34,076923	1,864362	1,857156
2659,000000	34,089744	1,615093	1,839819
2660,000000	34,102564	1,583397	1,693215
2661,000000	34,115385	1,779880	1,675449
2662,000000	34,128205	1,890242	1,650386
2663,000000	34,141026	1,754261	1,725171
2664,000000	34,153846	1,833851	1,824172
2665,000000	34,166667	1,777914	1,651404
2666,000000	34,179487	1,807310	1,862870
2667,000000	34,192308	1,687559	1,773941
2668,000000	34,205128	1,697240	1,741818
2669,000000	34,217949	1,717138	1,565334
2670,000000	34,230769	1,989271	1,824424
2671,000000	34,243590	1,889263	1,701675
2672,000000	34,256410	1,715251	2,027504
2673,000000	34,269231	1,829746	1,808632
2674,000000	34,282051	1,582956	1,880715
2675,000000	34,294872	1,781735	1,756904
2676,000000	34,307692	1,766653	1,848589
2677,000000	34,320513	1,795544	1,869049
2678,000000	34,333333	1,645137	1,675562
2679,000000	34,346154	1,638071	1,959030
2680,000000	34,358974	1,596169	1,625109
2681,000000	34,371795	1,997878	1,643187
2682,000000	34,384615	1,656246	1,734772
2683,000000	34,397436	1,651883	1,779397
2684,000000	34,410256	1,985881	1,734722
2685,000000	34,423077	1,770088	1,636958
2686,000000	34,435897	1,801244	1,773210
2687,000000	34,448718	1,592998	1,691948
2688,000000	34,461538	1,843193	1,816370
2689,000000	34,474359	1,753072	1,687468
2690,000000	34,487179	1,767053	1,968930
2691,000000	34,500000	1,734729	1,798921
2692,000000	34,512821	1,681796	1,931096
2693,000000	34,525641	1,600925	1,767067
2694,000000	34,538462	1,909145	1,704497
2695,000000	34,551282	1,838656	1,784236
2696,000000	34,564103	1,879525	1,713851
2697,000000	34,576923	1,834432	1,678214
2698,000000	34,589744	1,973546	1,792749
2699,000000	34,602564	1,812556	1,836589
2700,000000	34,615385	1,773064	1,775758
2701,000000	34,628205	1,808609	1,572130
2702,000000	34,641026	1,769299	1,683929
2703,000000	34,653846	1,832525	1,926766
2704,000000	34,666667	1,831513	1,783752
2705,000000	34,679487	1,812059	1,787105
2706,000000	34,692308	1,656340	1,750744
2707,000000	34,705128	1,779373	1,756045
2708,000000	34,717949	1,764498	1,660874
2709,000000	34,730769	1,657331	1,745102
2710,000000	34,743590	1,777905	1,949317
2711,000000	34,756410	1,798528	1,672423
2712,000000	34,769231	1,821795	1,813397
2713,000000	34,782051	1,769086	1,868077
2714,000000	34,794872	1,906065	1,964494
2715,000000	34,807692	1,991571	1,662840
2716,000000	34,820513	1,676424	1,672715
2717,000000	34,833333	1,753574	1,732870
2718,000000	34,846154	1,725515	1,639260
2719,000000	34,858974	1,595999	1,925701
2720,000000	34,871795	1,677631	1,630938
2721,000000	34,884615	1,572315	1,790915
2722,000000	34,897436	1,615636	1,643400
2723,000000	34,910256	1,908700	1,963896
2724,000000	34,923077	1,804600	1,857413
2725,000000	34,935897	1,858804	1,849201
2726,000000	34,948718	1,828749	1,912093
2727,000000	34,961538	1,937167	1,560261
2728,000000	34,974359	1,698508	1,776802
2729,000000	34,987179	1,732293	1,776630
2730,000000	35,000000	1,796968	1,755813
2731,000000	35,012821	1,838602	1,795860
2732,000000	35,025641	1,811025	1,853495
2733,000000	35,038462	1,764151	1,865912
2734,000000	35,051282	1,790525	1,740701
2735,000000	35,064103	1,824697	1,677980
2736,000000	35,076923	1,756830	1,740060
2737,000000	35,089744	1,754698	1,636055
2738,000000	35,102564	1,653925	1,786667
2739,000000	35,115385	1,795162	1,794232
2740,000000	35,128205	1,919008	1,775299
2741,000000	35,141026	1,693417	1,872231
2742,000000	35,153846	1,824477	1,871045
2743,000000	35,166667	1,675103	1,782000
2744,000000	35,179487	1,700280	1,825031
2745,000000	35,192308	1,818050	1,601798
2746,000000	35,205128	1,877708	1,796813
2747,000000	35,217949	1,733682	1,852647
2748,000000	35,230769	1,820298	1,831090
2749,000000	35,243590	1,695975	1,897662
2750,000000	35,256410	1,808472	1,849804
2751,000000	35,269231	1,713362	1,949396
2752,000000	35,282051	1,855879	1,900749
2753,000000	35,294872	1,796515	1,778677
2754,000000	35,307692	1,819119	1,695440
2755,000000	35,320513	1,670745	1,686810
2756,000000	35,333333	1,852905	1,630492
2757,000000	35,346154	1,598203	1,776939
2758,000000	35,358974	1,827122	1,797792
2759,000000	35,371795	1,888294	1,717456
2760,000000	35,384615	1,782088	1,738543
2761,000000	35,397436	1,802301	1,785104
2762,000000	35,410256	1,762548	1,616386
2763,000000	35,423077	1,534629	1,656299
2764,000000	35,435897	1,723770	1,814677
2765,000000	35,448718	1,906247	1,730411
2766,000000	35,461538	1,798077	1,683193
2767,000000	35,474359	1,813995	1,711095
2768,000000	35,487179	1,687753	1,719207
2769,000000	35,500000	1,824296	1,855468
2770,000000	35,512821	1,848473	1,649831
2771,000000	35,525641	1,768028	1,677581
2772,000000	35,538462	1,598281	1,571033
2773,000000	35,551282	1,823970	1,780529
2774,000000	35,564103	1,666573	1,617383
2775,000000	35,576923	1,850857	1,823467
2776,000000	35,589744	1,824068	1,682116
2777,000000	35,602564	1,799096	1,757587
2778,000000	35,615385	1,767725	1,837320
2779,000000	35,628205	1,805652	1,701064
2780,000000	35,641026	1,729789	1,689685
2781,000000	35,653846	1,680098	1,729443
2782,000000	35,666667	1,701857	1,712694
2783,000000	35,679487	1,783697	1,686566
2784,000000	35,692308	1,730626	1,834489
2785,000000	35,705128	1,805051	1,608142
2786,000000	35,717949	1,877099	1,711043
2787,000000	35,730769	1,719944	1,789071
2788,000000	35,743590	1,605467	1,637274
2789,000000	35,756410	1,625219	1,780233
2790,000000	35,769231	1,797619	1,752418
2791,000000	35,782051	1,551319	1,850607
2792,000000	35,794872	1,701822	1,903169
2793,000000	35,807692	1,800918	1,834625
2794,000000	35,820513	1,912358	1,842570
2795,000000	35,833333	1,654143	1,660163
2796,000000	35,846154	1,793416	1,800070
2797,000000	35,858974	1,849287	1,646188
2798,000000	35,871795	1,926569	1,856795
2799,000000	35,884615	1,833010	1,881808
2800,000000	35,897436	1,804128	1,769639
2801,000000	35,910256	1,669951	1,753160
2802,000000	35,923077	1,787299	1,707786
2803,000000	35,935897	1,620242	1,927243
2804,000000	35,948718	1,561046	1,840778
2805,000000	35,961538	1,795335	1,732070
2806,000000	35,974359	1,696092	1,764397
2807,000000	35,987179	1,693415	1,689251
2808,000000	36,000000	1,843898	1,661979
2809,000000	36,012821	1,673561	1,749336
2810,000000	36,025641	1,804910	1,802494
2811,000000	36,038462	1,908381	1,891634
2812,000000	36,051282	1,599725	1,835248
2813,000000	36,064103	1,911807	1,805927
2814,000000	36,076923	1,732717	1,840129
2815,000000	36,089744	1,903353	1,813343
2816,000000	36,102564	1,591950	1,884870
2817,000000	36,115385	1,818480	1,878130
2818,000000	36,128205	1,621766	1,840375
2819,000000	36,141026	1,650849	1,552470
2820,000000	36,153846	2,040651	1,679547
2821,000000	36,166667	1,898799	1,864304
2822,000000	36,179487	1,713486	1,865006
2823,000000	36,192308	1,720505	1,750377
2824,000000	36,205128	1,807922	1,828076
2825,000000	36,217949	1,657812	1,735276
2826,000000	36,230769	1,810463	1,863500
2827,000000	36,243590	1,669725	1,646713
2828,000000	36,256410	1,847912	1,738597
2829,000000	36,269231	1,816425	1,656457
2830,000000	36,282051	1,869716	1,864193
2831,000000	36,294872	1,810043	1,624780
2832,000000	36,307692	1,732536	1,871106
2833,000000	36,320513	1,663697	1,825123
2834,000000	36,333333	1,735667	1,777925
2835,000000	36,346154	1,682949	1,764881
2836,000000	36,358974	1,810880	1,752173
2837,000000	36,371795	1,670687	1,910788
2838,000000	36,384615	1,772149	1,701572
2839,000000	36,397436	1,770279	1,736376
2840,000000	36,410256	1,620596	1,704330
2841,000000	36,423077	1,824960	1,690791
2842,000000	36,435897	1,882983	1,716031
2843,000000	36,448718	1,756325	1,799643
2844,000000	36,461538	1,782670	1,755898
2845,000000	36,474359	1,640948	1,903839
2846,000000	36,487179	2,028586	1,737018
2847,000000	36,500000	1,685164	1,678832
2848,000000	36,512821	1,785238	1,788548
2849,000000	36,525641	1,856638	1,760966
2850,000000	36,538462	1,687292	1,812823
2851,000000	36,551282	1,690968	1,709940
2852,000000	36,564103	1,653463	1,815199
2853,000000	36,576923	1,641750	1,609807
2854,000000	36,589744	1,751740	1,677807
2855,000000	36,602564	1,842808	1,851943
2856,000000	36,615385	1,908780	1,820270
2857,000000	36,628205	1,878711	1,769760
2858,000000	36,641026	1,519879	1,914846
2859,000000	36,653846	1,707418	1,663925
2860,000000	36,666667	1,764320	1,723113
2861,000000	36,679487	1,838048	1,870590
2862,000000	36,692308	1,830653	1,755613
2863,000000	36,705128	1,712993	1,941906
2864,000000	36,717949	1,695772	1,693729
2865,000000	36,730769	1,452404	1,804001
2866,000000	36,743590	1,646748	1,798955
2867,000000	36,756410	1,711729	1,697092
2868,000000	36,769231	1,792821	1,744248
2869,000000	36,782051	1,490507	1,817075
2870,000000	36,794872	1,663557	1,688679
2871,000000	36,807692	1,717503	1,738398
2872,000000	36,820513	1,614776	1,739586
2873,000000	36,833333	1,774424	1,939441
2874,000000	36,846154	1,727877	1,787620
2875,000000	36,858974	1,964460	1,509586
2876,000000	36,871795	1,729159	1,641909
2877,000000	36,884615	1,616787	1,566293
2878,000000	36,897436	1,739821	1,871404
2879,000000	36,910256	1,644969	1,738078
2880,000000	36,923077	1,806659	1,720738
2881,000000	36,935897	1,853265	1,875970
2882,000000	36,948718	1,628235	1,704599
2883,000000	36,961538	1,814828	1,862299
2884,000000	36,974359	1,773762	1,739386
2885,000000	36,987179	1,792007	1,877286
2886,000000	37,000000	1,629619	1,664702
2887,000000	37,012821	1,659636	1,740250
2888,000000	37,025641	1,828472	1,661701
2889,000000	37,038462	1,667123	1,631111
2890,000000	37,051282	1,795675	1,813393
2891,000000	37,064103	1,832643	1,811211
2892,000000	37,076923	1,702021	1,833427
2893,000000	37,089744	1,756391	1,748945
2894,000000	37,102564	1,771230	1,801194
2895,000000	37,115385	1,698234	1,802061
2896,000000	37,128205	1,690700	1,775709
2897,000000	37,141026	1,903239	1,772959
2898,000000	37,153846	1,757747	1,813212
2899,000000	37,166667	1,708146	1,712283
2900,000000	37,179487	1,817002	1,853863
2901,000000	37,192308	1,753637	1,939960
2902,000000	37,205128	1,574843	1,765019
2903,000000	37,217949	1,728576	1,796018
2904,000000	37,230769	1,759720	1,796810
2905,000000	37,243590	1,709923	1,852897
2906,000000	37,256410	1,799153	1,760808
2907,000000	37,269231	1,664440	1,721974
2908,000000	37,282051	1,714572	1,645318
2909,000000	37,294872	1,688792	1,969052
2910,000000	37,307692	1,613044	1,796202
2911,000000	37,320513	1,782762	1,738161
2912,000000	37,333333	1,670999	1,913969
2913,000000	37,346154	1,683123	1,806570
2914,000000	37,358974	1,720679	1,796895
2915,000000	37,371795	1,832306	1,807179
2916,000000	37,384615	1,725773	1,845573
2917,000000	37,397436	1,737918	1,721073
2918,000000	37,410256	1,940518	1,569791
2919,000000	37,423077	1,736581	1,906546
2920,000000	37,435897	1,885792	1,726295
2921,000000	37,448718	1,894847	1,738736
2922,000000	37,461538	1,689522	1,724883
2923,000000	37,474359	1,784302	1,779488
2924,000000	37,487179	1,554370	1,655290
2925,000000	37,500000	1,883725	1,769430
2926,000000	37,512821	1,791664	1,871669
2927,000000	37,525641	1,704041	1,672055
2928,000000	37,538462	1,932564	1,719586
2929,000000	37,551282	1,838212	1,779262
2930,000000	37,564103	1,665443	1,845222
2931,000000	37,576923	1,821997	1,699800
2932,000000	37,589744	1,696947	1,632476
2933,000000	37,602564	1,591197	1,992222
2934,000000	37,615385	1,889609	1,762662
2935,000000	37,628205	1,742926	1,836823
2936,000000	37,641026	1,858899	1,679946
2937,000000	37,653846	1,772338	1,827330
2938,000000	37,666667	1,714648	1,819459
2939,000000	37,679487	1,834883	1,869702
2940,000000	37,692308	1,714098	1,699122
2941,000000	37,705128	1,777355	1,578015
2942,000000	37,717949	1,862193	1,784662
2943,000000	37,730769	1,728738	1,822368
2944,000000	37,743590	1,804991	1,749502
2945,000000	37,756410	1,781251	1,935481
2946,000000	37,769231	1,776616	1,619609
2947,000000	37,782051	1,959500	1,750537
2948,000000	37,794872	1,746753	1,864816
2949,000000	37,807692	1,725549	1,742426
2950,000000	37,820513	1,835409	1,758799
2951,000000	37,833333	1,762314	1,719657
2952,000000	37,846154	1,890078	1,811135
2953,000000	37,858974	1,536104	1,831212
2954,000000	37,871795	1,695135	1,964545
2955,000000	37,884615	1,733168	1,699949
2956,000000	37,897436	1,669678	1,705732
2957,000000	37,910256	1,755558	1,553378
2958,000000	37,923077	1,798541	1,823156
2959,000000	37,935897	1,937184	1,866530
2960,000000	37,948718	1,880098	1,722843
2961,000000	37,961538	1,716712	1,728695
2962,000000	37,974359	1,891475	1,950453
2963,000000	37,987179	1,760248	1,964761
2964,000000	38,000000	1,752611	1,736368
2965,000000	38,012821	2,038362	1,804885
2966,000000	38,025641	1,925996	1,817742
2967,000000	38,038462	1,497950	1,826390
2968,000000	38,051282	1,892399	1,638021
2969,000000	38,064103	1,728915	1,854921
2970,000000	38,076923	1,772359	1,649328
2971,000000	38,089744	1,593886	1,624818
2972,000000	38,102564	1,776532	1,786646
2973,000000	38,115385	1,809291	1,676007
2974,000000	38,128205	1,904804	1,760932
2975,000000	38,141026	1,707774	1,757812
2976,000000	38,153846	1,918589	1,854640
2977,000000	38,166667	1,793420	1,645829
2978,000000	38,179487	1,887259	1,915463
2979,000000	38,192308	1,854055	1,810520
2980,000000	38,205128	1,767827	1,690278
2981,000000	38,217949	1,739849	1,759172
2982,000000	38,230769	1,813061	1,846191
2983,000000	38,243590	1,795640	1,708373
2984,000000	38,256410	1,892602	1,934116
2985,000000	38,269231	1,752478	1,883570
2986,000000	38,282051	1,723542	1,649886
2987,000000	38,294872	1,934274	1,740761
2988,000000	38,307692	1,789623	1,677042
2989,000000	38,320513	1,760631	1,750137
2990,000000	38,333333	1,879624	1,657021
2991,000000	38,346154	1,587187	1,902697
2992,000000	38,358974	1,627935	1,640675
2993,000000	38,371795	1,656926	1,733093
2994,000000	38,384615	1,544337	1,846333
2995,000000	38,397436	1,903344	1,761110
2996,000000	38,410256	1,545728	1,755196
2997,000000	38,423077	1,643816	1,694951
2998,000000	38,435897	1,739025	1,826785
2999,000000	38,448718	1,671806	1,741302
3000,000000	38,461538	1,820977	1,808796
3001,000000	38,474359	1,741944	1,755784
3002,000000	38,487179	1,723233	1,770657
3003,000000	38,500000	1,687735	1,851765
3004,000000	38,512821	1,862271	1,545740
3005,000000	38,525641	1,643632	1,654771
3006,000000	38,538462	1,602471	1,827311
3007,000000	38,551282	1,759253	1,958981
3008,000000	38,564103	1,752504	1,751558
3009,000000	38,576923	1,878357	1,838258
3010,000000	38,589744	1,739593	1,656375
3011,000000	38,602564	1,826153	1,726668
3012,000000	38,615385	1,829572	1,852071
3013,000000	38,628205	1,733028	1,528633
3014,000000	38,641026	1,693572	1,812170
3015,000000	38,653846	1,655537	1,570996
3016,000000	38,666667	1,677549	1,929117
3017,000000	38,679487	1,732775	1,832819
3018,000000	38,692308	1,580137	1,717256
3019,000000	38,705128	1,822661	1,715034
3020,000000	38,717949	1,669314	1,734166
3021,000000	38,730769	1,857461	1,673830
3022,000000	38,743590	1,660720	1,673654
3023,000000	38,756410	1,666707	1,729213
3024,000000	38,769231	1,647013	1,672348
3025,000000	38,782051	1,727925	1,660748
3026,000000	38,794872	1,907410	1,756872
3027,000000	38,807692	1,701446	1,833012
3028,000000	38,820513	1,748338	1,641076
3029,000000	38,833333	1,968274	1,977992
3030,000000	38,846154	1,972242	1,729090
3031,000000	38,858974	1,824345	1,826556
3032,000000	38,871795	1,887130	1,692589
3033,000000	38,884615	1,594503	1,836473
3034,000000	38,897436	1,841011	1,737303
3035,000000	38,910256	1,681729	1,742453
3036,000000	38,923077	1,850649	1,762812
3037,000000	38,935897	1,716293	1,668841
3038,000000	38,948718	1,743357	1,926669
3039,000000	38,961538	1,652172	1,665139
3040,000000	38,974359	1,959303	1,884065
3041,000000	38,987179	1,655888	1,785759
3042,000000	39,000000	1,854147	1,684856
3043,000000	39,012821	1,835339	1,751118
3044,000000	39,025641	1,824587	1,641189
3045,000000	39,038462	1,776569	1,631617
3046,000000	39,051282	1,827471	1,619046
3047,000000	39,064103	1,817696	1,857662
3048,000000	39,076923	1,687681	1,573611
3049,000000	39,089744	1,921480	1,811206
3050,000000	39,102564	1,779188	1,739345
3051,000000	39,115385	1,773616	1,931059
3052,000000	39,128205	1,712029	1,799174
3053,000000	39,141026	1,834646	1,783828
3054,000000	39,153846	1,643740	1,809865
3055,000000	39,166667	1,708488	1,584578
3056,000000	39,179487	1,717615	1,580640
3057,000000	39,192308	1,701975	1,711192
3058,000000	39,205128	1,658089	1,793348
3059,000000	39,217949	1,605605	1,676486
3060,000000	39,230769	1,744992	1,666447
3061,000000	39,243590	2,013703	1,701689
3062,000000	39,256410	1,894824	1,863067
3063,000000	39,269231	1,746276	1,842057
3064,000000	39,282051	1,655023	1,845372
3065,000000	39,294872	1,648720	1,675443
3066,000000	39,307692	1,902475	1,735520
3067,000000	39,320513	1,679948	1,652511
3068,000000	39,333333	1,780614	1,728262
3069,000000	39,346154	1,704822	1,949294
3070,000000	39,358974	1,757886	1,669131
3071,000000	39,371795	1,808133	1,713579
3072,000000	39,384615	1,624510	1,784842
3073,000000	39,397436	1,694668	1,502558
3074,000000	39,410256	1,858814	1,741917
3075,000000	39,423077	1,716098	1,721208
3076,000000	39,435897	1,659384	1,898300
3077,000000	39,448718	1,765847	1,881799
3078,000000	39,461538	1,812251	1,784493
3079,000000	39,474359	1,822637	1,755639
3080,000000	39,487179	1,711808	1,918892
3081,000000	39,500000	1,787454	1,771391
3082,000000	39,512821	1,570613	1,875113
3083,000000	39,525641	1,818540	1,808145
3084,000000	39,538462	1,749471	1,815835
3085,000000	39,551282	1,750974	1,764229
3086,000000	39,564103	1,665374	1,622918
3087,000000	39,576923	1,684702	1,697433
3088,000000	39,589744	1,634325	1,690213
3089,000000	39,602564	1,812918	1,824274
3090,000000	39,615385	1,725845	1,670688
3091,000000	39,628205	1,704527	1,515654
3092,000000	39,641026	1,647060	1,669417
3093,000000	39,653846	1,670289	1,784753
3094,000000	39,666667	1,820856	1,828550
3095,000000	39,679487	1,905859	1,945158
3096,000000	39,692308	1,801749	1,863275
3097,000000	39,705128	1,799947	1,733792
3098,000000	39,717949	1,688736	1,754292
3099,000000	39,730769	1,823268	1,749699
3100,000000	39,743590	1,706544	1,810482
3101,000000	39,756410	1,938941	1,871689
3102,000000	39,769231	1,693665	1,879805
3103,000000	39,782051	1,756621	1,746425
3104,000000	39,794872	1,784368	1,783758
3105,000000	39,807692	1,670439	1,701596
3106,000000	39,820513	2,020074	1,730873
3107,000000	39,833333	1,735583	1,832212
3108,000000	39,846154	1,530076	1,623154
3109,000000	39,858974	1,722610	1,711717
3110,000000	39,871795	1,680959	1,703730
3111,000000	39,884615	1,690745	1,673089
3112,000000	39,897436	1,794678	1,715291
3113,000000	39,910256	1,635120	1,741940
3114,000000	39,923077	1,738890	1,614273
3115,000000	39,935897	1,716903	1,746908
3116,000000	39,948718	1,806969	1,795502
3117,000000	39,961538	1,802222	1,701682
3118,000000	39,974359	1,796313	1,639463
3119,000000	39,987179	1,604179	1,791384