0,000000	0,000000	1,797359
1,000000	0,012821	1,916642
2,000000	0,025641	1,797262
3,000000	0,038462	1,919125
4,000000	0,051282	1,735755
5,000000	0,064103	1,757122
6,000000	0,076923	1,689955
7,000000	0,089744	1,762230
8,000000	0,102564	1,816816
9,000000	0,115385	1,824532
10,000000	0,128205	1,794829
11,000000	0,141026	1,746970
12,000000	0,153846	1,693357
13,000000	0,166667	1,819852
14,000000	0,179487	1,484188
15,000000	0,192308	1,625040
16,000000	0,205128	1,754292
17,000000	0,217949	1,729839
18,000000	0,230769	1,863657
19,000000	0,243590	1,651446
20,000000	0,256410	1,748681
21,000000	0,269231	1,725017
22,000000	0,282051	2,064285
23,000000	0,294872	1,730269
24,000000	0,307692	1,678049
25,000000	0,320513	1,732709
26,000000	0,333333	1,862632
27,000000	0,346154	1,845347
28,000000	0,358974	1,810913
29,000000	0,371795	1,755329
30,000000	0,384615	1,782121
31,000000	0,397436	1,781886
32,000000	0,410256	1,669549
33,000000	0,423077	1,849307
34,000000	0,435897	1,757058
35,000000	0,448718	1,838520
36,000000	0,461538	1,958607
37,000000	0,474359	1,782629
38,000000	0,487179	1,754946
39,000000	0,500000	1,789998
40,000000	0,512821	1,633737
41,000000	0,525641	1,825151
42,000000	0,538462	1,937892
43,000000	0,551282	1,705554
44,000000	0,564103	1,826521
45,000000	0,576923	1,884226
46,000000	0,589744	1,765649
47,000000	0,602564	1,687236
48,000000	0,615385	1,706358
49,000000	0,628205	1,773369
50,000000	0,641026	1,848272
51,000000	0,653846	1,597361
52,000000	0,666667	1,728389
53,000000	0,679487	1,650678
54,000000	0,692308	1,733088
55,000000	0,705128	1,801309
56,000000	0,717949	1,797270
57,000000	0,730769	1,644261
58,000000	0,743590	1,914885
59,000000	0,756410	1,700242
60,000000	0,769231	1,723978
61,000000	0,782051	1,823017
62,000000	0,794872	1,565474
63,000000	0,807692	1,755459
64,000000	0,820513	1,904639
65,000000	0,833333	1,732207
66,000000	0,846154	1,790612
67,000000	0,858974	1,908218
68,000000	0,871795	1,637319
69,000000	0,884615	1,711900
70,000000	0,897436	1,969786
71,000000	0,910256	1,757251
72,000000	0,923077	1,669522
73,000000	0,935897	1,744731
74,000000	0,948718	1,713958
75,000000	0,961538	1,864424
76,000000	0,974359	1,810149
77,000000	0,987179	2,033920
78,000000	1,000000	1,691015
79,000000	1,012821	1,833145
80,000000	1,025641	1,762290
81,000000	1,038462	1,870493
82,000000	1,051282	1,866757
83,000000	1,064103	1,664471
84,000000	1,076923	1,768577
85,000000	1,089744	1,576100
86,000000	1,102564	1,781089
87,000000	1,115385	1,774834
88,000000	1,128205	1,854568
89,000000	1,141026	1,880438
90,000000	1,153846	1,837933
91,000000	1,166667	1,807540
92,000000	1,179487	1,639142
93,000000	1,192308	1,823124
94,000000	1,205128	1,720459
95,000000	1,217949	1,653594
96,000000	1,230769	1,670829
97,000000	1,243590	1,917194
98,000000	1,256410	1,853394
99,000000	1,269231	1,768737
100,000000	1,282051	2,027214
101,000000	1,294872	1,665272
102,000000	1,307692	1,882449
103,000000	1,320513	1,728127
104,000000	1,333333	1,755785
105,000000	1,346154	1,926787
106,000000	1,358974	1,687960
107,000000	1,371795	1,866596
108,000000	1,384615	1,862141
109,000000	1,397436	1,590178
110,000000	1,410256	1,710894
111,000000	1,423077	1,794383
112,000000	1,435897	1,600807
113,000000	1,448718	1,906681
114,000000	1,461538	1,820761
115,000000	1,474359	1,682596
116,000000	1,487179	1,844065
117,000000	1,500000	1,705687
118,000000	1,512821	1,975881
119,000000	1,525641	1,703003
120,000000	1,538462	1,765842
121,000000	1,551282	1,639221
122,000000	1,564103	1,892823
123,000000	1,576923	1,673107
124,000000	1,589744	1,705438
125,000000	1,602564	1,869857
126,000000	1,615385	1,838226
127,000000	1,628205	1,674819
128,000000	1,641026	1,614246
129,000000	1,653846	1,792103
130,000000	1,666667	1,572321
131,000000	1,679487	1,569340
132,000000	1,692308	1,841406
133,000000	1,705128	1,689162
134,000000	1,717949	1,787292
135,000000	1,730769	1,793527
136,000000	1,743590	1,755025
137,000000	1,756410	1,848241
138,000000	1,769231	1,831890
139,000000	1,782051	1,722008
140,000000	1,794872	1,696369
141,000000	1,807692	1,761713
142,000000	1,820513	1,701157
143,000000	1,833333	1,761987
144,000000	1,846154	1,794136
145,000000	1,858974	1,814047
146,000000	1,871795	1,652815
147,000000	1,884615	1,845674
148,000000	1,897436	1,795016
149,000000	1,910256	1,572688
150,000000	1,923077	1,544566
151,000000	1,935897	1,800999
152,000000	1,948718	1,650065
153,000000	1,961538	1,889471
154,000000	1,974359	1,670951
155,000000	1,987179	1,809434
156,000000	2,000000	1,776662
157,000000	2,012821	1,690808
158,000000	2,025641	1,755067
159,000000	2,038462	1,743342
160,000000	2,051282	1,892124
161,000000	2,064103	1,801134
162,000000	2,076923	1,698814
163,000000	2,089744	1,855043
164,000000	2,102564	1,818490
165,000000	2,115385	1,773914
166,000000	2,128205	1,793123
167,000000	2,141026	1,800488
168,000000	2,153846	1,895292
169,000000	2,166667	1,816164
170,000000	2,179487	1,799391
171,000000	2,192308	1,789992
172,000000	2,205128	1,746397
173,000000	2,217949	1,855849
174,000000	2,230769	1,705471
175,000000	2,243590	1,685619
176,000000	2,256410	1,807177
177,000000	2,269231	1,791499
178,000000	2,282051	1,759072
179,000000	2,294872	1,829264
180,000000	2,307692	1,835015
181,000000	2,320513	1,824528
182,000000	2,333333	1,770417
183,000000	2,346154	1,651587
184,000000	2,358974	1,825506
185,000000	2,371795	1,728687
186,000000	2,384615	1,626049
187,000000	2,397436	1,678245
188,000000	2,410256	1,834148
189,000000	2,423077	1,761535
190,000000	2,435897	1,803881
191,000000	2,448718	1,716136
192,000000	2,461538	1,793097
193,000000	2,474359	1,713975
194,000000	2,487179	1,608680
195,000000	2,500000	1,716247
196,000000	2,512821	1,652922
197,000000	2,525641	1,676293
198,000000	2,538462	1,820637
199,000000	2,551282	1,936423
200,000000	2,564103	1,820598
201,000000	2,576923	1,738989
202,000000	2,589744	1,940201
203,000000	2,602564	1,664854
204,000000	2,615385	1,736100
205,000000	2,628205	1,831503
206,000000	2,641026	1,765169
207,000000	2,653846	1,734952
208,000000	2,666667	1,769714
209,000000	2,679487	1,821314
210,000000	2,692308	1,794923
211,000000	2,705128	1,631371
212,000000	2,717949	1,725646
213,000000	2,730769	1,790908
214,000000	2,743590	1,779365
215,000000	2,756410	1,941509
216,000000	2,769231	1,626980
217,000000	2,782051	1,786818
218,000000	2,794872	1,617432
219,000000	2,807692	1,758229
220,000000	2,820513	1,822832
221,000000	2,833333	1,781254
222,000000	2,846154	1,810855
223,000000	2,858974	1,802992
224,000000	2,871795	1,792291
225,000000	2,884615	1,944258
226,000000	2,897436	1,910587
227,000000	2,910256	1,728743
228,000000	2,923077	1,748898
229,000000	2,935897	1,916950
230,000000	2,948718	1,771089
231,000000	2,961538	1,812862
232,000000	2,974359	1,998976
233,000000	2,987179	1,652200
234,000000	3,000000	1,681637
235,000000	3,012821	1,811515
236,000000	3,025641	1,600661
237,000000	3,038462	1,819809
238,000000	3,051282	1,985137
239,000000	3,064103	1,623034
240,000000	3,076923	1,735449
241,000000	3,089744	1,712306
242,000000	3,102564	1,668477
243,000000	3,115385	1,742013
244,000000	3,128205	1,609230
245,000000	3,141026	1,683234
246,000000	3,153846	1,785328
247,000000	3,166667	1,650190
248,000000	3,179487	1,609320
249,000000	3,192308	1,896955
250,000000	3,205128	1,811672
251,000000	3,217949	1,647671
252,000000	3,230769	1,741670
253,000000	3,243590	1,786730
254,000000	3,256410	1,762063
255,000000	3,269231	1,699070
256,000000	3,282051	1,757173
257,000000	3,294872	1,874742
258,000000	3,307692	1,688891
259,000000	3,320513	1,657979
260,000000	3,333333	1,849420
261,000000	3,346154	1,582820
262,000000	3,358974	1,782014
263,000000	3,371795	1,931994
264,000000	3,384615	1,721607
265,000000	3,397436	1,653611
266,000000	3,410256	1,715992
267,000000	3,423077	1,738544
268,000000	3,435897	1,746605
269,000000	3,448718	1,803922
270,000000	3,461538	1,902221
271,000000	3,474359	1,772831
272,000000	3,487179	1,732867
273,000000	3,500000	1,883399
274,000000	3,512821	1,866842
275,000000	3,525641	1,784921
276,000000	3,538462	1,911266
277,000000	3,551282	1,768737
278,000000	3,564103	1,876658
279,000000	3,576923	1,693748
280,000000	3,589744	1,767753
281,000000	3,602564	1,841038
282,000000	3,615385	1,830461
283,000000	3,628205	1,904270
284,000000	3,641026	1,742596
285,000000	3,653846	1,872236
286,000000	3,666667	1,808816
287,000000	3,679487	1,904627
288,000000	3,692308	1,702347
289,000000	3,705128	1,689371
290,000000	3,717949	1,746474
291,000000	3,730769	1,765678
292,000000	3,743590	1,625912
293,000000	3,756410	1,679619
294,000000	3,769231	1,629356
295,000000	3,782051	1,765901
296,000000	3,794872	1,819545
297,000000	3,807692	1,811944
298,000000	3,820513	1,894089
299,000000	3,833333	1,731906
300,000000	3,846154	1,649717
301,000000	3,858974	1,568467
302,000000	3,871795	1,794550
303,000000	3,884615	1,681315
304,000000	3,897436	1,795151
305,000000	3,910256	1,628571
306,000000	3,923077	1,949935
307,000000	3,935897	1,659218
308,000000	3,948718	1,748569
309,000000	3,961538	1,909815
310,000000	3,974359	1,682272
311,000000	3,987179	1,645479
312,000000	4,000000	1,702207
313,000000	4,012821	1,798200
314,000000	4,025641	1,778513
315,000000	4,038462	1,750711
316,000000	4,051282	1,734767
317,000000	4,064103	1,768899
318,000000	4,076923	1,752420
319,000000	4,089744	1,729473
320,000000	4,102564	1,748235
321,000000	4,115385	1,654526
322,000000	4,128205	1,773802
323,000000	4,141026	1,689611
324,000000	4,153846	1,739518
325,000000	4,166667	1,799710
326,000000	4,179487	1,743702
327,000000	4,192308	1,910420
328,000000	4,205128	1,651152
329,000000	4,217949	1,662753
330,000000	4,230769	1,858355
331,000000	4,243590	1,662512
332,000000	4,256410	1,786055
333,000000	4,269231	1,878892
334,000000	4,282051	1,613284
335,000000	4,294872	1,627690
336,000000	4,307692	1,798399
337,000000	4,320513	1,722538
338,000000	4,333333	1,623381
339,000000	4,346154	1,804571
340,000000	4,358974	1,781445
341,000000	4,371795	1,850925
342,000000	4,384615	1,767592
343,000000	4,397436	1,658172
344,000000	4,410256	1,759685
345,000000	4,423077	1,826612
346,000000	4,435897	1,896055
347,000000	4,448718	1,810450
348,000000	4,461538	1,652988
349,000000	4,474359	1,873247
350,000000	4,487179	1,799100
351,000000	4,500000	1,747615
352,000000	4,512821	1,698468
353,000000	4,525641	1,886496
354,000000	4,538462	1,765507
355,000000	4,551282	1,670596
356,000000	4,564103	1,722269
357,000000	4,576923	1,657430
358,000000	4,589744	1,698763
359,000000	4,602564	1,732847
360,000000	4,615385	1,838331
361,000000	4,628205	1,826647
362,000000	4,641026	1,641568
363,000000	4,653846	1,741844
364,000000	4,666667	1,561707
365,000000	4,679487	1,878956
366,000000	4,692308	1,694288
367,000000	4,705128	1,599288
368,000000	4,717949	1,750284
369,000000	4,730769	1,811703
370,000000	4,743590	1,822804
371,000000	4,756410	1,743972
372,000000	4,769231	1,657124
373,000000	4,782051	1,609139
374,000000	4,794872	1,678599
375,000000	4,807692	1,487090
376,000000	4,820513	1,712882
377,000000	4,833333	1,661514
378,000000	4,846154	1,608891
379,000000	4,858974	1,691298
380,000000	4,871795	1,706629
381,000000	4,884615	1,761212
382,000000	4,897436	1,677754
383,000000	4,910256	1,778812
384,000000	4,923077	1,681701
385,000000	4,935897	1,836034
386,000000	4,948718	1,650314
387,000000	4,961538	1,825271
388,000000	4,974359	1,727674
389,000000	4,987179	1,808863
390,000000	5,000000	1,752625
391,000000	5,012821	1,842367
392,000000	5,025641	1,779437
393,000000	5,038462	1,701667
394,000000	5,051282	1,700981
395,000000	5,064103	1,675062
396,000000	5,076923	1,797278
397,000000	5,089744	1,914379
398,000000	5,102564	1,824757
399,000000	5,115385	1,773315
400,000000	5,128205	1,735785
401,000000	5,141026	1,827414
402,000000	5,153846	1,665724
403,000000	5,166667	1,753138
404,000000	5,179487	1,928902
405,000000	5,192308	1,770832
406,000000	5,205128	1,839967
407,000000	5,217949	1,719596
408,000000	5,230769	1,625744
409,000000	5,243590	1,682035
410,000000	5,256410	1,760039
411,000000	5,269231	1,860861
412,000000	5,282051	1,623894
413,000000	5,294872	1,804134
414,000000	5,307692	1,714613
415,000000	5,320513	1,585495
416,000000	5,333333	1,795733
417,000000	5,346154	1,725735
418,000000	5,358974	1,769073
419,000000	5,371795	1,755718
420,000000	5,384615	1,683854
421,000000	5,397436	1,806719
422,000000	5,410256	1,732508
423,000000	5,423077	1,625760
424,000000	5,435897	1,790645
425,000000	5,448718	1,847302
426,000000	5,461538	1,772019
427,000000	5,474359	1,836317
428,000000	5,487179	1,785128
429,000000	5,500000	1,716180
430,000000	5,512821	1,622426
431,000000	5,525641	1,862233
432,000000	5,538462	1,865777
433,000000	5,551282	1,503143
434,000000	5,564103	1,906394
435,000000	5,576923	1,901735
436,000000	5,589744	1,704154
437,000000	5,602564	1,620188
438,000000	5,615385	1,870306
439,000000	5,628205	1,873748
440,000000	5,641026	1,714348
441,000000	5,653846	1,750542
442,000000	5,666667	1,679742
443,000000	5,679487	1,760453
444,000000	5,692308	1,724477
445,000000	5,705128	1,671195
446,000000	5,717949	1,862484
447,000000	5,730769	1,760887
448,000000	5,743590	1,864347
449,000000	5,756410	1,646914
450,000000	5,769231	1,646970
451,000000	5,782051	1,853426
452,000000	5,794872	1,658736
453,000000	5,807692	1,706602
454,000000	5,820513	1,777033
455,000000	5,833333	1,844392
456,000000	5,846154	1,670780
457,000000	5,858974	1,676000
458,000000	5,871795	1,794941
459,000000	5,884615	1,724899
460,000000	5,897436	1,719616
461,000000	5,910256	1,777136
462,000000	5,923077	1,699438
463,000000	5,935897	1,907009
464,000000	5,948718	1,767038
465,000000	5,961538	1,650467
466,000000	5,974359	1,887242
467,000000	5,987179	1,724213
468,000000	6,000000	1,885433
469,000000	6,012821	1,699449
470,000000	6,025641	1,763482
471,000000	6,038462	1,802755
472,000000	6,051282	1,873417
473,000000	6,064103	1,743059
474,000000	6,076923	1,841562
475,000000	6,089744	1,852728
476,000000	6,102564	1,834203
477,000000	6,115385	1,895216
478,000000	6,128205	1,630891
479,000000	6,141026	1,725424
480,000000	6,153846	1,858615
481,000000	6,166667	1,609879
482,000000	6,179487	1,741203
483,000000	6,192308	1,841787
484,000000	6,205128	1,824288
485,000000	6,217949	1,841123
486,000000	6,230769	1,714077
487,000000	6,243590	1,812267
488,000000	6,256410	1,827385
489,000000	6,269231	1,894922
490,000000	6,282051	1,786771
491,000000	6,294872	1,677451
492,000000	6,307692	1,883368
493,000000	6,320513	1,833348
494,000000	6,333333	1,811400
495,000000	6,346154	2,004720
496,000000	6,358974	1,848563
497,000000	6,371795	1,756833
498,000000	6,384615	1,775748
499,000000	6,397436	1,762521
500,000000	6,410256	1,642782
501,000000	6,423077	1,724342
502,000000	6,435897	1,719565
503,000000	6,448718	1,698091
504,000000	6,461538	1,699847
505,000000	6,474359	1,984156
506,000000	6,487179	1,881195
507,000000	6,500000	1,800411
508,000000	6,512821	1,883638
509,000000	6,525641	1,769279
510,000000	6,538462	1,663956
511,000000	6,551282	1,754799
512,000000	6,564103	1,807483
513,000000	6,576923	1,675517
514,000000	6,589744	1,781367
515,000000	6,602564	1,639669
516,000000	6,615385	1,799737
517,000000	6,628205	1,559657
518,000000	6,641026	1,835122
519,000000	6,653846	1,716173
520,000000	6,666667	1,639730
521,000000	6,679487	1,645074
522,000000	6,692308	1,714136
523,000000	6,705128	1,810374
524,000000	6,717949	1,636715
525,000000	6,730769	1,751655
526,000000	6,743590	1,668669
527,000000	6,756410	1,838092
528,000000	6,769231	1,724907
529,000000	6,782051	1,819066
530,000000	6,794872	1,618566
531,000000	6,807692	1,815347
532,000000	6,820513	1,645795
533,000000	6,833333	1,867276
534,000000	6,846154	1,798860
535,000000	6,858974	1,731515
536,000000	6,871795	1,741135
537,000000	6,884615	1,670244
538,000000	6,897436	1,824914
539,000000	6,910256	1,666932
540,000000	6,923077	1,744385
541,000000	6,935897	1,819674
542,000000	6,948718	1,879851
543,000000	6,961538	1,687401
544,000000	6,974359	1,713320
545,000000	6,987179	1,736939
546,000000	7,000000	1,593872
547,000000	7,012821	1,778697
548,000000	7,025641	1,782641
549,000000	7,038462	1,862517
550,000000	7,051282	1,751029
551,000000	7,064103	1,752486
552,000000	7,076923	1,958051
553,000000	7,089744	1,743832
554,000000	7,102564	1,796068
555,000000	7,115385	1,609764
556,000000	7,128205	1,726662
557,000000	7,141026	1,659269
558,000000	7,153846	1,771709
559,000000	7,166667	1,802496
560,000000	7,179487	1,738547
561,000000	7,192308	1,754440
562,000000	7,205128	1,716490
563,000000	7,217949	1,884714
564,000000	7,230769	1,792477
565,000000	7,243590	1,728271
566,000000	7,256410	1,806659
567,000000	7,269231	1,896708
568,000000	7,282051	1,842120
569,000000	7,294872	1,770919
570,000000	7,307692	1,803033
571,000000	7,320513	1,907368
572,000000	7,333333	2,042552
573,000000	7,346154	1,839311
574,000000	7,358974	1,711059
575,000000	7,371795	1,783224
576,000000	7,384615	1,923821
577,000000	7,397436	1,908152
578,000000	7,410256	1,558820
579,000000	7,423077	1,879530
580,000000	7,435897	1,935379
581,000000	7,448718	1,717739
582,000000	7,461538	1,876795
583,000000	7,474359	1,774077
584,000000	7,487179	1,674689
585,000000	7,500000	1,805443
586,000000	7,512821	1,785006
587,000000	7,525641	1,720120
588,000000	7,538462	1,926656
589,000000	7,551282	1,672470
590,000000	7,564103	1,824981
591,000000	7,576923	1,718833
592,000000	7,589744	1,687106
593,000000	7,602564	1,634817
594,000000	7,615385	1,828456
595,000000	7,628205	1,926121
596,000000	7,641026	1,903079
597,000000	7,653846	1,776096
598,000000	7,666667	1,751239
599,000000	7,679487	1,792753
600,000000	7,692308	1,791271
601,000000	7,705128	1,713599
602,000000	7,717949	1,865986
603,000000	7,730769	1,729182
604,000000	7,743590	1,789066
605,000000	7,756410	1,524676
606,000000	7,769231	1,615211
607,000000	7,782051	1,566506
608,000000	7,794872	1,830004
609,000000	7,807692	1,715062
610,000000	7,820513	1,802101
611,000000	7,833333	1,814227
612,000000	7,846154	1,548414
613,000000	7,858974	1,782768
614,000000	7,871795	1,816696
615,000000	7,884615	1,671358
616,000000	7,897436	1,686081
617,000000	7,910256	1,744134
618,000000	7,923077	1,800868
619,000000	7,935897	1,554391
620,000000	7,948718	1,761591
621,000000	7,961538	1,727848
622,000000	7,974359	1,673296
623,000000	7,987179	1,703916
624,000000	8,000000	1,832858
625,000000	8,012821	1,872414
626,000000	8,025641	1,800670
627,000000	8,038462	1,702407
628,000000	8,051282	1,906137
629,000000	8,064103	1,691481
630,000000	8,076923	1,490381
631,000000	8,089744	1,771771
632,000000	8,102564	1,751215
633,000000	8,115385	1,830026
634,000000	8,128205	1,783421
635,000000	8,141026	1,691037
636,000000	8,153846	1,836114
637,000000	8,166667	1,775794
638,000000	8,179487	1,723422
639,000000	8,192308	1,792827
640,000000	8,205128	1,620472
641,000000	8,217949	1,734886
642,000000	8,230769	1,726180
643,000000	8,243590	1,631288
644,000000	8,256410	1,786055
645,000000	8,269231	1,732792
646,000000	8,282051	1,621899
647,000000	8,294872	1,701515
648,000000	8,307692	1,686720
649,000000	8,320513	1,780848
650,000000	8,333333	1,801967
651,000000	8,346154	1,877210
652,000000	8,358974	1,767865
653,000000	8,371795	1,799022
654,000000	8,384615	1,909160
655,000000	8,397436	1,842345
656,000000	8,410256	1,822593
657,000000	8,423077	1,789974
658,000000	8,435897	1,744887
659,000000	8,448718	1,647081
660,000000	8,461538	1,669196
661,000000	8,474359	1,662911
662,000000	8,487179	1,834128
663,000000	8,500000	1,779258
664,000000	8,512821	1,656810
665,000000	8,525641	1,653539
666,000000	8,538462	1,690251
667,000000	8,551282	1,738933
668,000000	8,564103	1,873581
669,000000	8,576923	1,609826
670,000000	8,589744	1,712912
671,000000	8,602564	1,810155
672,000000	8,615385	1,895829
673,000000	8,628205	1,831647
674,000000	8,641026	1,925207
675,000000	8,653846	1,856980
676,000000	8,666667	1,666818
677,000000	8,679487	1,824529
678,000000	8,692308	1,761507
679,000000	8,705128	1,727131
680,000000	8,717949	1,756422
681,000000	8,730769	1,781364
682,000000	8,743590	1,756965
683,000000	8,756410	1,747137
684,000000	8,769231	1,711662
685,000000	8,782051	1,758971
686,000000	8,794872	1,697353
687,000000	8,807692	1,691026
688,000000	8,820513	1,763017
689,000000	8,833333	1,701467
690,000000	8,846154	1,807911
691,000000	8,858974	1,602996
692,000000	8,871795	1,908010
693,000000	8,884615	2,002870
694,000000	8,897436	1,652644
695,000000	8,910256	1,661420
696,000000	8,923077	1,744900
697,000000	8,935897	1,745017
698,000000	8,948718	1,817398
699,000000	8,961538	1,807165
700,000000	8,974359	1,762281
701,000000	8,987179	1,743188
702,000000	9,000000	1,712180
703,000000	9,012821	1,933066
704,000000	9,025641	1,745673
705,000000	9,038462	1,777767
706,000000	9,051282	1,827339
707,000000	9,064103	1,591448
708,000000	9,076923	1,873033
709,000000	9,089744	1,782313
710,000000	9,102564	1,820210
711,000000	9,115385	1,747890
712,000000	9,128205	1,881281
713,000000	9,141026	1,725415
714,000000	9,153846	1,899165
715,000000	9,166667	1,520756
716,000000	9,179487	1,671958
717,000000	9,192308	1,877185
718,000000	9,205128	1,743491
719,000000	9,217949	1,621501
720,000000	9,230769	1,775921
721,000000	9,243590	1,823796
722,000000	9,256410	1,898278
723,000000	9,269231	1,757042
724,000000	9,282051	1,670691
725,000000	9,294872	1,620188
726,000000	9,307692	1,651998
727,000000	9,320513	1,686893
728,000000	9,333333	1,767185
729,000000	9,346154	2,001256
730,000000	9,358974	1,546977
731,000000	9,371795	1,632357
732,000000	9,384615	2,010007
733,000000	9,397436	1,708713
734,000000	9,410256	1,732287
735,000000	9,423077	1,810128
736,000000	9,435897	1,858581
737,000000	9,448718	1,690538
738,000000	9,461538	1,795969
739,000000	9,474359	1,704485
740,000000	9,487179	1,780016
741,000000	9,500000	1,790929
742,000000	9,512821	1,712512
743,000000	9,525641	1,881256
744,000000	9,538462	1,778538
745,000000	9,551282	1,746593
746,000000	9,564103	1,820742
747,000000	9,576923	1,696053
748,000000	9,589744	1,886386
749,000000	9,602564	1,739144
750,000000	9,615385	2,027214
751,000000	9,628205	1,744123
752,000000	9,641026	1,680772
753,000000	9,653846	1,918485
754,000000	9,666667	1,766326
755,000000	9,679487	1,694059
756,000000	9,692308	1,604185
757,000000	9,705128	1,778263
758,000000	9,717949	1,742212
759,000000	9,730769	1,526449
760,000000	9,743590	1,640792
761,000000	9,756410	1,972992
762,000000	9,769231	1,783023
763,000000	9,782051	1,895428
764,000000	9,794872	1,905799
765,000000	9,807692	1,703966
766,000000	9,820513	1,814568
767,000000	9,833333	1,788164
768,000000	9,846154	1,748371
769,000000	9,858974	1,615797
770,000000	9,871795	1,685739
771,000000	9,884615	1,841283
772,000000	9,897436	1,848932
773,000000	9,910256	1,828789
774,000000	9,923077	1,622470
775,000000	9,935897	1,707615
776,000000	9,948718	1,709563
777,000000	9,961538	1,865993
778,000000	9,974359	1,731684
779,000000	9,987179	1,824906
780,000000	10,000000	1,687047
781,000000	10,012821	1,809073
782,000000	10,025641	1,855723
783,000000	10,038462	1,775999
784,000000	10,051282	1,685827
785,000000	10,064103	1,717886
786,000000	10,076923	1,688820
787,000000	10,089744	1,702093
788,000000	10,102564	1,660916
789,000000	10,115385	1,748693
790,000000	10,128205	1,691754
791,000000	10,141026	1,732073
792,000000	10,153846	1,871408
793,000000	10,166667	1,570920
794,000000	10,179487	1,854568
795,000000	10,192308	1,652079
796,000000	10,205128	1,692204
797,000000	10,217949	1,612998
798,000000	10,230769	1,836818
799,000000	10,243590	1,826743
800,000000	10,256410	1,731069
801,000000	10,269231	1,800348
802,000000	10,282051	1,770876
803,000000	10,294872	1,858892
804,000000	10,307692	1,663928
805,000000	10,320513	1,842811
806,000000	10,333333	1,630856
807,000000	10,346154	1,796278
808,000000	10,358974	1,785795
809,000000	10,371795	1,811900
810,000000	10,384615	1,974459
811,000000	10,397436	1,632780
812,000000	10,410256	1,744223
813,000000	10,423077	1,613563
814,000000	10,435897	1,672605
815,000000	10,448718	1,711703
816,000000	10,461538	1,693175
817,000000	10,474359	1,653540
818,000000	10,487179	1,849717
819,000000	10,500000	1,762539
820,000000	10,512821	1,782165
821,000000	10,525641	1,832365
822,000000	10,538462	1,811203
823,000000	10,551282	1,695597
824,000000	10,564103	1,799753
825,000000	10,576923	1,755295
826,000000	10,589744	1,625284
827,000000	10,602564	1,717825
828,000000	10,615385	1,670685
829,000000	10,628205	1,626827
830,000000	10,641026	1,631629
831,000000	10,653846	1,787209
832,000000	10,666667	1,715005
833,000000	10,679487	1,687061
834,000000	10,692308	1,892454
835,000000	10,705128	1,759449
836,000000	10,717949	1,703965
837,000000	10,730769	1,622437
838,000000	10,743590	1,803421
839,000000	10,756410	1,678982
840,000000	10,769231	1,846210
841,000000	10,782051	1,750848
842,000000	10,794872	1,817628
843,000000	10,807692	1,734127
844,000000	10,820513	1,785092
845,000000	10,833333	1,763955
846,000000	10,846154	1,678712
847,000000	10,858974	1,888480
848,000000	10,871795	1,703668
849,000000	10,884615	1,912020
850,000000	10,897436	1,855848
851,000000	10,910256	1,801467
852,000000	10,923077	1,773283
853,000000	10,935897	1,671792
854,000000	10,948718	1,696020
855,000000	10,961538	1,698300
856,000000	10,974359	1,656819
857,000000	10,987179	1,735050
858,000000	11,000000	1,761242
859,000000	11,012821	1,780266
860,000000	11,025641	1,695334
861,000000	11,038462	1,737302
862,000000	11,051282	1,801632
863,000000	11,064103	1,597485
864,000000	11,076923	1,610203
865,000000	11,089744	1,743769
866,000000	11,102564	1,756348
867,000000	11,115385	1,734540
868,000000	11,128205	1,666056
869,000000	11,141026	1,921299
870,000000	11,153846	1,786803
871,000000	11,166667	1,792852
872,000000	11,179487	1,754983
873,000000	11,192308	1,642977
874,000000	11,205128	1,778282
875,000000	11,217949	1,927543
876,000000	11,230769	1,826484
877,000000	11,243590	1,711238
878,000000	11,256410	1,624620
879,000000	11,269231	1,801377
880,000000	11,282051	1,862980
881,000000	11,294872	1,605712
882,000000	11,307692	1,645424
883,000000	11,320513	1,663910
884,000000	11,333333	1,711804
885,000000	11,346154	1,629246
886,000000	11,358974	1,714888
887,000000	11,371795	1,750343
888,000000	11,384615	1,719356
889,000000	11,397436	1,848666
890,000000	11,410256	1,881663
891,000000	11,423077	1,929024
892,000000	11,435897	1,939731
893,000000	11,448718	1,830331
894,000000	11,461538	1,687521
895,000000	11,474359	1,790863
896,000000	11,487179	1,734877
897,000000	11,500000	1,730800
898,000000	11,512821	1,893544
899,000000	11,525641	1,744077
900,000000	11,538462	1,866297
901,000000	11,551282	1,689319
902,000000	11,564103	1,671122
903,000000	11,576923	1,816533
904,000000	11,589744	1,754071
905,000000	11,602564	1,856366
906,000000	11,615385	1,743052
907,000000	11,628205	1,838315
908,000000	11,641026	1,844182
909,000000	11,653846	1,647245
910,000000	11,666667	1,842070
911,000000	11,679487	1,800899
912,000000	11,692308	1,781207
913,000000	11,705128	1,597335
914,000000	11,717949	1,825137
915,000000	11,730769	1,693768
916,000000	11,743590	1,672002
917,000000	11,756410	1,659479
918,000000	11,769231	1,697321
919,000000	11,782051	1,766615
920,000000	11,794872	1,592394
921,000000	11,807692	1,700816
922,000000	11,820513	1,905794
923,000000	11,833333	1,767933
924,000000	11,846154	1,831743
925,000000	11,858974	1,613724
926,000000	11,871795	1,685134
927,000000	11,884615	1,794883
928,000000	11,897436	1,610059
929,000000	11,910256	1,737747
930,000000	11,923077	1,733488
931,000000	11,935897	1,724470
932,000000	11,948718	1,747939
933,000000	11,961538	1,749390
934,000000	11,974359	1,755088
935,000000	11,987179	1,788875
936,000000	12,000000	1,693849
937,000000	12,012821	1,743567
938,000000	12,025641	1,828638
939,000000	12,038462	1,752941
940,000000	12,051282	1,743686
941,000000	12,064103	1,637844
942,000000	12,076923	1,913933
943,000000	12,089744	1,807181
944,000000	12,102564	1,667553
945,000000	12,115385	1,754196
946,000000	12,128205	1,690376
947,000000	12,141026	1,780909
948,000000	12,153846	1,829136
949,000000	12,166667	1,684295
950,000000	12,179487	1,781025
951,000000	12,192308	1,825194
952,000000	12,205128	1,837753
953,000000	12,217949	1,649824
954,000000	12,230769	1,800577
955,000000	12,243590	1,871924
956,000000	12,256410	1,690821
957,000000	12,269231	1,896064
958,000000	12,282051	1,783306
959,000000	12,294872	1,754293
960,000000	12,307692	1,831528
961,000000	12,320513	1,812498
962,000000	12,333333	1,685674
963,000000	12,346154	1,739598
964,000000	12,358974	1,789934
965,000000	12,371795	1,764479
966,000000	12,384615	1,748749
967,000000	12,397436	1,811699
968,000000	12,410256	1,834589
969,000000	12,423077	2,007703
970,000000	12,435897	1,525517
971,000000	12,448718	1,746081
972,000000	12,461538	1,865032
973,000000	12,474359	1,828004
974,000000	12,487179	1,538128
975,000000	12,500000	1,665868
976,000000	12,512821	1,781422
977,000000	12,525641	1,686099
978,000000	12,538462	1,851386
979,000000	12,551282	1,749687
980,000000	12,564103	2,048249
981,000000	12,576923	1,672756
982,000000	12,589744	1,661752
983,000000	12,602564	1,701373
984,000000	12,615385	1,673994
985,000000	12,628205	1,760956
986,000000	12,641026	1,768673
987,000000	12,653846	1,831822
988,000000	12,666667	1,717075
989,000000	12,679487	1,686200
990,000000	12,692308	1,759673
991,000000	12,705128	1,665725
992,000000	12,717949	1,919673
993,000000	12,730769	1,756496
994,000000	12,743590	1,698076
995,000000	12,756410	1,667782
996,000000	12,769231	1,584594
997,000000	12,782051	1,805736
998,000000	12,794872	1,829443
999,000000	12,807692	1,754341
1000,000000	12,820513	1,796485
1001,000000	12,833333	1,740524
1002,000000	12,846154	1,771255
1003,000000	12,858974	1,877284
1004,000000	12,871795	1,879340
1005,000000	12,884615	1,751343
1006,000000	12,897436	1,763032
1007,000000	12,910256	1,774516
1008,000000	12,923077	1,680116
1009,000000	12,935897	1,804319
1010,000000	12,948718	1,928280
1011,000000	12,961538	1,789919
1012,000000	12,974359	1,920216
1013,000000	12,987179	1,719089
1014,000000	13,000000	1,840605
1015,000000	13,012821	1,876979
1016,000000	13,025641	1,704550
1017,000000	13,038462	1,970854
1018,000000	13,051282	1,835133
1019,000000	13,064103	1,856870
1020,000000	13,076923	1,605720
1021,000000	13,089744	1,933817
1022,000000	13,102564	1,700924
1023,000000	13,115385	1,726163
1024,000000	13,128205	1,886308
1025,000000	13,141026	1,807673
1026,000000	13,153846	1,710105
1027,000000	13,166667	1,903042
1028,000000	13,179487	1,816965
1029,000000	13,192308	1,719407
1030,000000	13,205128	1,653571
1031,000000	13,217949	1,817543
1032,000000	13,230769	1,472590
1033,000000	13,243590	1,753864
1034,000000	13,256410	1,829505
1035,000000	13,269231	1,824319
1036,000000	13,282051	1,939746
1037,000000	13,294872	1,859130
1038,000000	13,307692	1,791264
1039,000000	13,320513	1,658219
1040,000000	13,333333	1,783053
1041,000000	13,346154	1,761430
1042,000000	13,358974	1,660197
1043,000000	13,371795	1,735751
1044,000000	13,384615	1,661306
1045,000000	13,397436	1,716688
1046,000000	13,410256	1,725156
1047,000000	13,423077	1,857531
1048,000000	13,435897	1,890745
1049,000000	13,448718	1,849141
1050,000000	13,461538	1,776375
1051,000000	13,474359	1,740408
1052,000000	13,487179	1,705685
1053,000000	13,500000	1,868730
1054,000000	13,512821	1,848032
1055,000000	13,525641	1,761712
1056,000000	13,538462	1,889212
1057,000000	13,551282	1,884904
1058,000000	13,564103	1,758320
1059,000000	13,576923	1,669518
1060,000000	13,589744	1,896060
1061,000000	13,602564	1,749128
1062,000000	13,615385	1,717176
1063,000000	13,628205	1,824437
1064,000000	13,641026	1,731975
1065,000000	13,653846	1,746958
1066,000000	13,666667	1,709132
1067,000000	13,679487	1,834518
1068,000000	13,692308	1,980290
1069,000000	13,705128	1,813611
1070,000000	13,717949	1,644737
1071,000000	13,730769	1,788407
1072,000000	13,743590	1,754589
1073,000000	13,756410	1,799121
1074,000000	13,769231	1,639397
1075,000000	13,782051	1,714311
1076,000000	13,794872	1,591627
1077,000000	13,807692	1,898550
1078,000000	13,820513	1,656050
1079,000000	13,833333	1,869148
1080,000000	13,846154	1,837721
1081,000000	13,858974	1,647540
1082,000000	13,871795	1,808452
1083,000000	13,884615	1,670879
1084,000000	13,897436	1,737985
1085,000000	13,910256	1,867656
1086,000000	13,923077	1,893693
1087,000000	13,935897	1,753447
1088,000000	13,948718	1,690287
1089,000000	13,961538	1,676091
1090,000000	13,974359	1,622228
1091,000000	13,987179	1,694100
1092,000000	14,000000	1,977531
1093,000000	14,012821	1,626362
1094,000000	14,025641	1,815870
1095,000000	14,038462	1,885786
1096,000000	14,051282	1,649573
1097,000000	14,064103	1,768741
1098,000000	14,076923	1,908789
1099,000000	14,089744	1,830761
1100,000000	14,102564	1,721059
1101,000000	14,115385	1,948667
1102,000000	14,128205	1,701635
1103,000000	14,141026	1,788690
1104,000000	14,153846	1,782213
1105,000000	14,166667	1,690647
1106,000000	14,179487	1,779795
1107,000000	14,192308	1,662021
1108,000000	14,205128	1,680748
1109,000000	14,217949	1,845885
1110,000000	14,230769	1,531254
1111,000000	14,243590	1,735072
1112,000000	14,256410	1,694851
1113,000000	14,269231	2,051105
1114,000000	14,282051	1,730632
1115,000000	14,294872	1,784914
1116,000000	14,307692	1,861532
1117,000000	14,320513	1,833692
1118,000000	14,333333	1,646222
1119,000000	14,346154	1,825383
1120,000000	14,358974	1,737054
1121,000000	14,371795	1,661081
1122,000000	14,384615	1,719289
1123,000000	14,397436	1,781243
1124,000000	14,410256	1,734273
1125,000000	14,423077	1,875874
1126,000000	14,435897	1,833123
1127,000000	14,448718	1,838865
1128,000000	14,461538	1,573573
1129,000000	14,474359	1,714136
1130,000000	14,487179	1,687616
1131,000000	14,500000	1,682264
1132,000000	14,512821	1,820683
1133,000000	14,525641	1,713289
1134,000000	14,538462	1,838654
1135,000000	14,551282	1,923083
1136,000000	14,564103	1,830041
1137,000000	14,576923	1,793571
1138,000000	14,589744	1,888547
1139,000000	14,602564	1,933941
1140,000000	14,615385	1,796562
1141,000000	14,628205	1,700709
1142,000000	14,641026	1,820201
1143,000000	14,653846	1,830400
1144,000000	14,666667	1,720089
1145,000000	14,679487	1,860911
1146,000000	14,692308	1,651958
1147,000000	14,705128	1,869718
1148,000000	14,717949	1,945947
1149,000000	14,730769	1,924102
1150,000000	14,743590	1,807982
1151,000000	14,756410	1,758655
1152,000000	14,769231	1,967607
1153,000000	14,782051	1,817955
1154,000000	14,794872	1,790281
1155,000000	14,807692	1,844939
1156,000000	14,820513	1,611710
1157,000000	14,833333	1,814856
1158,000000	14,846154	1,670093
1159,000000	14,858974	1,656989
1160,000000	14,871795	1,714690
1161,000000	14,884615	1,702563
1162,000000	14,897436	1,701253
1163,000000	14,910256	1,681996
1164,000000	14,923077	1,840479
1165,000000	14,935897	1,758306
1166,000000	14,948718	1,748916
1167,000000	14,961538	1,669953
1168,000000	14,974359	1,864536
1169,000000	14,987179	1,650208
1170,000000	15,000000	1,773649
1171,000000	15,012821	1,802966
1172,000000	15,025641	1,806536
1173,000000	15,038462	1,871401
1174,000000	15,051282	1,803652
1175,000000	15,064103	1,699298
1176,000000	15,076923	1,898604
1177,000000	15,089744	1,752306
1178,000000	15,102564	1,627930
1179,000000	15,115385	1,783622
1180,000000	15,128205	1,866057
1181,000000	15,141026	1,727123
1182,000000	15,153846	1,733052
1183,000000	15,166667	1,862077
1184,000000	15,179487	1,928973
1185,000000	15,192308	1,738667
1186,000000	15,205128	1,824879
1187,000000	15,217949	1,530131
1188,000000	15,230769	1,560907
1189,000000	15,243590	1,804517
1190,000000	15,256410	1,991553
1191,000000	15,269231	1,574821
1192,000000	15,282051	1,755411
1193,000000	15,294872	1,942473
1194,000000	15,307692	1,805583
1195,000000	15,320513	1,849571
1196,000000	15,333333	1,706938
1197,000000	15,346154	1,831818
1198,000000	15,358974	1,559226
1199,000000	15,371795	1,682436
1200,000000	15,384615	1,833092
1201,000000	15,397436	1,688446
1202,000000	15,410256	1,811091
1203,000000	15,423077	1,738933
1204,000000	15,435897	1,612788
1205,000000	15,448718	1,706682
1206,000000	15,461538	1,891331
1207,000000	15,474359	1,794697
1208,000000	15,487179	1,622431
1209,000000	15,500000	1,781941
1210,000000	15,512821	1,807406
1211,000000	15,525641	1,636451
1212,000000	15,538462	1,771803
1213,000000	15,551282	1,786759
1214,000000	15,564103	1,828992
1215,000000	15,576923	1,842573
1216,000000	15,589744	1,706243
1217,000000	15,602564	1,511485
1218,000000	15,615385	1,905098
1219,000000	15,628205	1,839099
1220,000000	15,641026	1,687226
1221,000000	15,653846	1,812979
1222,000000	15,666667	1,748388
1223,000000	15,679487	1,562011
1224,000000	15,692308	1,844921
1225,000000	15,705128	1,752177
1226,000000	15,717949	1,615087
1227,000000	15,730769	1,668616
1228,000000	15,743590	1,840829
1229,000000	15,756410	1,740821
1230,000000	15,769231	1,764825
1231,000000	15,782051	1,787424
1232,000000	15,794872	1,719653
1233,000000	15,807692	1,755203
1234,000000	15,820513	1,759496
1235,000000	15,833333	1,765520
1236,000000	15,846154	1,765875
1237,000000	15,858974	1,892064
1238,000000	15,871795	1,783407
1239,000000	15,884615	1,602390
1240,000000	15,897436	1,469823
1241,000000	15,910256	1,816240
1242,000000	15,923077	1,877055
1243,000000	15,935897	1,728075
1244,000000	15,948718	1,816038
1245,000000	15,961538	1,910313
1246,000000	15,974359	1,790263
1247,000000	15,987179	1,828208
1248,000000	16,000000	1,980458
1249,000000	16,012821	1,924439
1250,000000	16,025641	1,521769
1251,000000	16,038462	1,857868
1252,000000	16,051282	1,694601
1253,000000	16,064103	1,787195
1254,000000	16,076923	1,775034
1255,000000	16,089744	1,821631
1256,000000	16,102564	1,830839
1257,000000	16,115385	1,778646
1258,000000	16,128205	1,833569
1259,000000	16,141026	1,802113
1260,000000	16,153846	1,843572
1261,000000	16,166667	1,692577
1262,000000	16,179487	1,720090
1263,000000	16,192308	1,702177
1264,000000	16,205128	1,706550
1265,000000	16,217949	1,973828
1266,000000	16,230769	1,885529
1267,000000	16,243590	1,848188
1268,000000	16,256410	1,738266
1269,000000	16,269231	1,704915
1270,000000	16,282051	1,629553
1271,000000	16,294872	1,973062
1272,000000	16,307692	1,720635
1273,000000	16,320513	1,762681
1274,000000	16,333333	1,866387
1275,000000	16,346154	1,851457
1276,000000	16,358974	1,762504
1277,000000	16,371795	1,803313
1278,000000	16,384615	1,795824
1279,000000	16,397436	1,761117
1280,000000	16,410256	1,653919
1281,000000	16,423077	1,707563
1282,000000	16,435897	1,765266
1283,000000	16,448718	1,922948
1284,000000	16,461538	1,875404
1285,000000	16,474359	1,799897
1286,000000	16,487179	1,693631
1287,000000	16,500000	1,748451
1288,000000	16,512821	1,830450
1289,000000	16,525641	1,797472
1290,000000	16,538462	1,691754
1291,000000	16,551282	1,770418
1292,000000	16,564103	1,598021
1293,000000	16,576923	1,812825
1294,000000	16,589744	1,750661
1295,000000	16,602564	1,753893
1296,000000	16,615385	1,765810
1297,000000	16,628205	1,796309
1298,000000	16,641026	1,877849
1299,000000	16,653846	1,700157
1300,000000	16,666667	1,747556
1301,000000	16,679487	1,835432
1302,000000	16,692308	1,713490
1303,000000	16,705128	1,678181
1304,000000	16,717949	1,755419
1305,000000	16,730769	1,864281
1306,000000	16,743590	1,727829
1307,000000	16,756410	1,840299
1308,000000	16,769231	1,858609
1309,000000	16,782051	1,696335
1310,000000	16,794872	1,748098
1311,000000	16,807692	1,846750
1312,000000	16,820513	1,838367
1313,000000	16,833333	1,720070
1314,000000	16,846154	1,831478
1315,000000	16,858974	1,782447
1316,000000	16,871795	1,779521
1317,000000	16,884615	1,804966
1318,000000	16,897436	1,860508
1319,000000	16,910256	1,640242
1320,000000	16,923077	1,863143
1321,000000	16,935897	1,850235
1322,000000	16,948718	1,666790
1323,000000	16,961538	1,719224
1324,000000	16,974359	1,813296
1325,000000	16,987179	1,848984
1326,000000	17,000000	1,585202
1327,000000	17,012821	1,948600
1328,000000	17,025641	1,763720
1329,000000	17,038462	1,859021
1330,000000	17,051282	1,715305
1331,000000	17,064103	1,703501
1332,000000	17,076923	1,779404
1333,000000	17,089744	1,799025
1334,000000	17,102564	1,778998
1335,000000	17,115385	1,758716
1336,000000	17,128205	1,765991
1337,000000	17,141026	1,790548
1338,000000	17,153846	1,769944
1339,000000	17,166667	1,830322
1340,000000	17,179487	1,607673
1341,000000	17,192308	1,874609
1342,000000	17,205128	1,897693
1343,000000	17,217949	1,773874
1344,000000	17,230769	1,789273
1345,000000	17,243590	1,824862
1346,000000	17,256410	1,759414
1347,000000	17,269231	1,693479
1348,000000	17,282051	1,624791
1349,000000	17,294872	1,640354
1350,000000	17,307692	1,722195
1351,000000	17,320513	1,555346
1352,000000	17,333333	1,755977
1353,000000	17,346154	1,851146
1354,000000	17,358974	1,659274
1355,000000	17,371795	1,692399
1356,000000	17,384615	1,829531
1357,000000	17,397436	1,771739
1358,000000	17,410256	1,767254
1359,000000	17,423077	1,736920
1360,000000	17,435897	1,728278
1361,000000	17,448718	2,003419
1362,000000	17,461538	1,665775
1363,000000	17,474359	1,788344
1364,000000	17,487179	1,945023
1365,000000	17,500000	1,738129
1366,000000	17,512821	1,867330
1367,000000	17,525641	1,887746
1368,000000	17,538462	1,841359
1369,000000	17,551282	1,683890
1370,000000	17,564103	1,766915
1371,000000	17,576923	1,816648
1372,000000	17,589744	1,733882
1373,000000	17,602564	1,811041
1374,000000	17,615385	1,707768
1375,000000	17,628205	1,790583
1376,000000	17,641026	1,802299
1377,000000	17,653846	1,708721
1378,000000	17,666667	1,680844
1379,000000	17,679487	1,643037
1380,000000	17,692308	1,829255
1381,000000	17,705128	1,638405
1382,000000	17,717949	1,627770
1383,000000	17,730769	1,742300
1384,000000	17,743590	1,968830
1385,000000	17,756410	1,785505
1386,000000	17,769231	1,841167
1387,000000	17,782051	1,789980
1388,000000	17,794872	1,678927
1389,000000	17,807692	1,878836
1390,000000	17,820513	1,794677
1391,000000	17,833333	1,779100
1392,000000	17,846154	1,685657
1393,000000	17,858974	1,784751
1394,000000	17,871795	1,641885
1395,000000	17,884615	1,926465
1396,000000	17,897436	1,572537
1397,000000	17,910256	1,664589
1398,000000	17,923077	1,571963
1399,000000	17,935897	1,822340
1400,000000	17,948718	1,625890
1401,000000	17,961538	1,858963
1402,000000	17,974359	1,773676
1403,000000	17,987179	1,662098
1404,000000	18,000000	1,711095
1405,000000	18,012821	1,711380
1406,000000	18,025641	1,644348
1407,000000	18,038462	1,635322
1408,000000	18,051282	1,798830
1409,000000	18,064103	1,873155
1410,000000	18,076923	1,695842
1411,000000	18,089744	1,816203
1412,000000	18,102564	1,817744
1413,000000	18,115385	1,694614
1414,000000	18,128205	1,699278
1415,000000	18,141026	1,834991
1416,000000	18,153846	1,780522
1417,000000	18,166667	1,892593
1418,000000	18,179487	1,712644
1419,000000	18,192308	1,736979
1420,000000	18,205128	1,835951
1421,000000	18,217949	1,747899
1422,000000	18,230769	1,845548
1423,000000	18,243590	1,777197
1424,000000	18,256410	1,830858
1425,000000	18,269231	1,722556
1426,000000	18,282051	1,781770
1427,000000	18,294872	1,768075
1428,000000	18,307692	1,445851
1429,000000	18,320513	1,887836
1430,000000	18,333333	1,702774
1431,000000	18,346154	1,712492
1432,000000	18,358974	1,761151
1433,000000	18,371795	1,705363
1434,000000	18,384615	1,748003
1435,000000	18,397436	1,593599
1436,000000	18,410256	1,691705
1437,000000	18,423077	1,637381
1438,000000	18,435897	1,819563
1439,000000	18,448718	1,783224
1440,000000	18,461538	1,753375
1441,000000	18,474359	1,703572
1442,000000	18,487179	1,647532
1443,000000	18,500000	1,795800
1444,000000	18,512821	1,666683
1445,000000	18,525641	1,808036
1446,000000	18,538462	1,797616
1447,000000	18,551282	1,935049
1448,000000	18,564103	1,684553
1449,000000	18,576923	1,669668
1450,000000	18,589744	1,709646
1451,000000	18,602564	1,793905
1452,000000	18,615385	1,841784
1453,000000	18,628205	1,824206
1454,000000	18,641026	1,704791
1455,000000	18,653846	1,889289
1456,000000	18,666667	1,835272
1457,000000	18,679487	1,676724
1458,000000	18,692308	1,760361
1459,000000	18,705128	1,675195
1460,000000	18,717949	1,816542
1461,000000	18,730769	1,821278
1462,000000	18,743590	1,797496
1463,000000	18,756410	1,661370
1464,000000	18,769231	1,801285
1465,000000	18,782051	1,835718
1466,000000	18,794872	1,831345
1467,000000	18,807692	1,572107
1468,000000	18,820513	1,575797
1469,000000	18,833333	1,909198
1470,000000	18,846154	1,706792
1471,000000	18,858974	1,676528
1472,000000	18,871795	1,896670
1473,000000	18,884615	1,842726
1474,000000	18,897436	1,755369
1475,000000	18,910256	1,732433
1476,000000	18,923077	1,806966
1477,000000	18,935897	1,762601
1478,000000	18,948718	1,961169
1479,000000	18,961538	1,885240
1480,000000	18,974359	1,780899
1481,000000	18,987179	1,851109
1482,000000	19,000000	1,850838
1483,000000	19,012821	1,886575
1484,000000	19,025641	1,685917
1485,000000	19,038462	1,657165
1486,000000	19,051282	1,768457
1487,000000	19,064103	1,917247
1488,000000	19,076923	1,724487
1489,000000	19,089744	1,735159
1490,000000	19,102564	1,919455
1491,000000	19,115385	1,886609
1492,000000	19,128205	1,674546
1493,000000	19,141026	1,684068
1494,000000	19,153846	1,769713
1495,000000	19,166667	1,825816
1496,000000	19,179487	1,887392
1497,000000	19,192308	1,761145
1498,000000	19,205128	2,027607
1499,000000	19,217949	1,608763
1500,000000	19,230769	1,579965
1501,000000	19,243590	1,903499
1502,000000	19,256410	1,745852
1503,000000	19,269231	1,697652
1504,000000	19,282051	1,672020
1505,000000	19,294872	1,579136
1506,000000	19,307692	1,795550
1507,000000	19,320513	1,616175
1508,000000	19,333333	1,890047
1509,000000	19,346154	1,636210
1510,000000	19,358974	1,827543
1511,000000	19,371795	1,669224
1512,000000	19,384615	1,743734
1513,000000	19,397436	1,684056
1514,000000	19,410256	1,737772
1515,000000	19,423077	1,794101
1516,000000	19,435897	1,634985
1517,000000	19,448718	1,959554
1518,000000	19,461538	1,711117
1519,000000	19,474359	1,735855
1520,000000	19,487179	1,681409
1521,000000	19,500000	1,719330
1522,000000	19,512821	1,790156
1523,000000	19,525641	1,759887
1524,000000	19,538462	1,767525
1525,000000	19,551282	1,833411
1526,000000	19,564103	1,741468
1527,000000	19,576923	1,758729
1528,000000	19,589744	1,757319
1529,000000	19,602564	1,857118
1530,000000	19,615385	1,943565
1531,000000	19,628205	1,787995
1532,000000	19,641026	1,785037
1533,000000	19,653846	1,849258
1534,000000	19,666667	1,541899
1535,000000	19,679487	1,670778
1536,000000	19,692308	1,836209
1537,000000	19,705128	1,826743
1538,000000	19,717949	1,764112
1539,000000	19,730769	1,768622
1540,000000	19,743590	1,707141
1541,000000	19,756410	1,806503
1542,000000	19,769231	1,898866
1543,000000	19,782051	1,727050
1544,000000	19,794872	1,810377
1545,000000	19,807692	1,803353
1546,000000	19,820513	1,717648
1547,000000	19,833333	1,634938
1548,000000	19,846154	1,833940
1549,000000	19,858974	1,819663
1550,000000	19,871795	1,755514
1551,000000	19,884615	1,710386
1552,000000	19,897436	1,703676
1553,000000	19,910256	1,830223
1554,000000	19,923077	1,637913
1555,000000	19,935897	1,721438
1556,000000	19,948718	1,839712
1557,000000	19,961538	1,777049
1558,000000	19,974359	1,592013
1559,000000	19,987179	1,823978
1560,000000	20,000000	1,813330
1561,000000	20,012821	1,731814
1562,000000	20,025641	1,897342
1563,000000	20,038462	1,850787
1564,000000	20,051282	1,800069
1565,000000	20,064103	1,883074
1566,000000	20,076923	1,866981
1567,000000	20,089744	1,828792
1568,000000	20,102564	1,735081
1569,000000	20,115385	1,811555
1570,000000	20,128205	1,839440
1571,000000	20,141026	1,743420
1572,000000	20,153846	1,805262
1573,000000	20,166667	1,720055
1574,000000	20,179487	1,898452
1575,000000	20,192308	1,716188
1576,000000	20,205128	1,722037
1577,000000	20,217949	1,839255
1578,000000	20,230769	1,749233
1579,000000	20,243590	1,540156
1580,000000	20,256410	1,743422
1581,000000	20,269231	1,878864
1582,000000	20,282051	1,736342
1583,000000	20,294872	1,782592
1584,000000	20,307692	1,710214
1585,000000	20,320513	1,721908
1586,000000	20,333333	1,470094
1587,000000	20,346154	1,757379
1588,000000	20,358974	1,775076
1589,000000	20,371795	1,789597
1590,000000	20,384615	1,843865
1591,000000	20,397436	1,641094
1592,000000	20,410256	1,726036
1593,000000	20,423077	1,715077
1594,000000	20,435897	1,840612
1595,000000	20,448718	1,761581
1596,000000	20,461538	1,856596
1597,000000	20,474359	1,789938
1598,000000	20,487179	1,715473
1599,000000	20,500000	1,896336
1600,000000	20,512821	1,707752
1601,000000	20,525641	1,764025
1602,000000	20,538462	1,805909
1603,000000	20,551282	1,697578
1604,000000	20,564103	1,466823
1605,000000	20,576923	1,696543
1606,000000	20,589744	1,769693
1607,000000	20,602564	1,767276
1608,000000	20,615385	1,769713
1609,000000	20,628205	1,656273
1610,000000	20,641026	1,725354
1611,000000	20,653846	1,823140
1612,000000	20,666667	1,853120
1613,000000	20,679487	1,755442
1614,000000	20,692308	1,750685
1615,000000	20,705128	1,675842
1616,000000	20,717949	1,844526
1617,000000	20,730769	1,632548
1618,000000	20,743590	1,720367
1619,000000	20,756410	1,781979
1620,000000	20,769231	1,661618
1621,000000	20,782051	1,690048
1622,000000	20,794872	1,843325
1623,000000	20,807692	1,709655
1624,000000	20,820513	1,602518
1625,000000	20,833333	1,862204
1626,000000	20,846154	1,530153
1627,000000	20,858974	1,811647
1628,000000	20,871795	1,836587
1629,000000	20,884615	1,754854
1630,000000	20,897436	1,736037
1631,000000	20,910256	1,698223
1632,000000	20,923077	1,739940
1633,000000	20,935897	1,901958
1634,000000	20,948718	1,749028
1635,000000	20,961538	1,840140
1636,000000	20,974359	1,732775
1637,000000	20,987179	1,688904
1638,000000	21,000000	1,752852
1639,000000	21,012821	1,823910
1640,000000	21,025641	1,685979
1641,000000	21,038462	1,775659
1642,000000	21,051282	1,688846
1643,000000	21,064103	1,573693
1644,000000	21,076923	1,796589
1645,000000	21,089744	1,801690
1646,000000	21,102564	1,942185
1647,000000	21,115385	1,716039
1648,000000	21,128205	1,817644
1649,000000	21,141026	1,905449
1650,000000	21,153846	1,895875
1651,000000	21,166667	1,789277
1652,000000	21,179487	1,802468
1653,000000	21,192308	1,716476
1654,000000	21,205128	1,792408
1655,000000	21,217949	1,721870
1656,000000	21,230769	1,471186
1657,000000	21,243590	1,665690
1658,000000	21,256410	1,750509
1659,000000	21,269231	1,755997
1660,000000	21,282051	1,751634
1661,000000	21,294872	1,778199
1662,000000	21,307692	1,937821
1663,000000	21,320513	1,776755
1664,000000	21,333333	1,701108
1665,000000	21,346154	1,916759
1666,000000	21,358974	1,809937
1667,000000	21,371795	1,851764
1668,000000	21,384615	1,693950
1669,000000	21,397436	1,737883
1670,000000	21,410256	1,693357
1671,000000	21,423077	1,768727
1672,000000	21,435897	1,910865
1673,000000	21,448718	1,732102
1674,000000	21,461538	1,925413
1675,000000	21,474359	1,833368
1676,000000	21,487179	1,859456
1677,000000	21,500000	1,840716
1678,000000	21,512821	1,576916
1679,000000	21,525641	1,820051
1680,000000	21,538462	1,713833
1681,000000	21,551282	1,695988
1682,000000	21,564103	1,784056
1683,000000	21,576923	1,756479
1684,000000	21,589744	1,759375
1685,000000	21,602564	1,713892
1686,000000	21,615385	1,900846
1687,000000	21,628205	1,788934
1688,000000	21,641026	1,767294
1689,000000	21,653846	1,655822
1690,000000	21,666667	1,884831
1691,000000	21,679487	1,815259
1692,000000	21,692308	1,742867
1693,000000	21,705128	1,926707
1694,000000	21,717949	1,752150
1695,000000	21,730769	1,654709
1696,000000	21,743590	1,882771
1697,000000	21,756410	1,763304
1698,000000	21,769231	1,777271
1699,000000	21,782051	1,781060
1700,000000	21,794872	1,856848
1701,000000	21,807692	1,869468
1702,000000	21,820513	1,765297
1703,000000	21,833333	1,749682
1704,000000	21,846154	1,810213
1705,000000	21,858974	1,795833
1706,000000	21,871795	1,709861
1707,000000	21,884615	1,765659
1708,000000	21,897436	1,904870
1709,000000	21,910256	1,843906
1710,000000	21,923077	1,667677
1711,000000	21,935897	1,637841
1712,000000	21,948718	1,839623
1713,000000	21,961538	1,676634
1714,000000	21,974359	1,890902
1715,000000	21,987179	1,626007
1716,000000	22,000000	1,713917
1717,000000	22,012821	1,711169
1718,000000	22,025641	1,681633
1719,000000	22,038462	1,744534
1720,000000	22,051282	1,750258
1721,000000	22,064103	1,938278
1722,000000	22,076923	1,808731
1723,000000	22,089744	1,804790
1724,000000	22,102564	1,736878
1725,000000	22,115385	1,808941
1726,000000	22,128205	1,487123
1727,000000	22,141026	1,694967
1728,000000	22,153846	1,683392
1729,000000	22,166667	1,752781
1730,000000	22,179487	1,819003
1731,000000	22,192308	1,957299
1732,000000	22,205128	1,717899
1733,000000	22,217949	1,737476
1734,000000	22,230769	1,838099
1735,000000	22,243590	1,774178
1736,000000	22,256410	1,947886
1737,000000	22,269231	1,666404
1738,000000	22,282051	1,703667
1739,000000	22,294872	1,713005
1740,000000	22,307692	1,939926
1741,000000	22,320513	1,703397
1742,000000	22,333333	1,564490
1743,000000	22,346154	1,621758
1744,000000	22,358974	1,766529
1745,000000	22,371795	1,774958
1746,000000	22,384615	1,760624
1747,000000	22,397436	1,960177
1748,000000	22,410256	1,831607
1749,000000	22,423077	1,816619
1750,000000	22,435897	1,781845
1751,000000	22,448718	1,814105
1752,000000	22,461538	1,911833
1753,000000	22,474359	1,738926
1754,000000	22,487179	1,679011
1755,000000	22,500000	1,748351
1756,000000	22,512821	1,843505
1757,000000	22,525641	1,618365
1758,000000	22,538462	1,715476
1759,000000	22,551282	1,630695
1760,000000	22,564103	1,879363
1761,000000	22,576923	1,785410
1762,000000	22,589744	1,826863
1763,000000	22,602564	1,621599
1764,000000	22,615385	1,731128
1765,000000	22,628205	1,747035
1766,000000	22,641026	1,790747
1767,000000	22,653846	1,753593
1768,000000	22,666667	1,760215
1769,000000	22,679487	1,783536
1770,000000	22,692308	1,814331
1771,000000	22,705128	1,912361
1772,000000	22,717949	1,680453
1773,000000	22,730769	1,891996
1774,000000	22,743590	1,701877
1775,000000	22,756410	1,690527
1776,000000	22,769231	1,765418
1777,000000	22,782051	1,704657
1778,000000	22,794872	1,782867
1779,000000	22,807692	1,843680
1780,000000	22,820513	1,685236
1781,000000	22,833333	1,744161
1782,000000	22,846154	1,692172
1783,000000	22,858974	1,889762
1784,000000	22,871795	1,667779
1785,000000	22,884615	1,778356
1786,000000	22,897436	1,886655
1787,000000	22,910256	1,688251
1788,000000	22,923077	1,768509
1789,000000	22,935897	1,564503
1790,000000	22,948718	1,856472
1791,000000	22,961538	1,768889
1792,000000	22,974359	1,851520
1793,000000	22,987179	1,818109
1794,000000	23,000000	1,706205
1795,000000	23,012821	1,874183
1796,000000	23,025641	1,607451
1797,000000	23,038462	1,781479
1798,000000	23,051282	1,767656
1799,000000	23,064103	1,890383
1800,000000	23,076923	1,870606
1801,000000	23,089744	1,771531
1802,000000	23,102564	1,709351
1803,000000	23,115385	1,613292
1804,000000	23,128205	1,956195
1805,000000	23,141026	1,706058
1806,000000	23,153846	1,572626
1807,000000	23,166667	1,719860
1808,000000	23,179487	1,797855
1809,000000	23,192308	1,644720
1810,000000	23,205128	1,767337
1811,000000	23,217949	1,889649
1812,000000	23,230769	1,903797
1813,000000	23,243590	1,731770
1814,000000	23,256410	1,735805
1815,000000	23,269231	1,881871
1816,000000	23,282051	1,508435
1817,000000	23,294872	1,671098
1818,000000	23,307692	1,752434
1819,000000	23,320513	1,661793
1820,000000	23,333333	1,693830
1821,000000	23,346154	1,719815
1822,000000	23,358974	1,871546
1823,000000	23,371795	2,008311
1824,000000	23,384615	1,733056
1825,000000	23,397436	1,721994
1826,000000	23,410256	1,643181
1827,000000	23,423077	1,771486
1828,000000	23,435897	1,858095
1829,000000	23,448718	1,725788
1830,000000	23,461538	1,659818
1831,000000	23,474359	1,805984
1832,000000	23,487179	1,634314
1833,000000	23,500000	1,903945
1834,000000	23,512821	1,821224
1835,000000	23,525641	1,759541
1836,000000	23,538462	1,675135
1837,000000	23,551282	1,792679
1838,000000	23,564103	1,781564
1839,000000	23,576923	1,622227
1840,000000	23,589744	1,558868
1841,000000	23,602564	1,769660
1842,000000	23,615385	1,588106
1843,000000	23,628205	1,735842
1844,000000	23,641026	1,621220
1845,000000	23,653846	1,851128
1846,000000	23,666667	1,806077
1847,000000	23,679487	1,616482
1848,000000	23,692308	1,768753
1849,000000	23,705128	1,884209
1850,000000	23,717949	1,658097
1851,000000	23,730769	1,686816
1852,000000	23,743590	1,915393
1853,000000	23,756410	1,742917
1854,000000	23,769231	1,782528
1855,000000	23,782051	1,721812
1856,000000	23,794872	1,919961
1857,000000	23,807692	1,811226
1858,000000	23,820513	1,651054
1859,000000	23,833333	1,808431
1860,000000	23,846154	1,940256
1861,000000	23,858974	1,847156
1862,000000	23,871795	1,589097
1863,000000	23,884615	1,736705
1864,000000	23,897436	1,841564
1865,000000	23,910256	1,695939
1866,000000	23,923077	1,801553
1867,000000	23,935897	1,837368
1868,000000	23,948718	1,647436
1869,000000	23,961538	1,792329
1870,000000	23,974359	1,783021
1871,000000	23,987179	1,748798
1872,000000	24,000000	1,721142
1873,000000	24,012821	1,642757
1874,000000	24,025641	1,591168
1875,000000	24,038462	1,694976
1876,000000	24,051282	1,725044
1877,000000	24,064103	1,638667
1878,000000	24,076923	1,811048
1879,000000	24,089744	1,664899
1880,000000	24,102564	1,929880
1881,000000	24,115385	1,845845
1882,000000	24,128205	1,782639
1883,000000	24,141026	1,873025
1884,000000	24,153846	1,726245
1885,000000	24,166667	1,747388
1886,000000	24,179487	1,776279
1887,000000	24,192308	1,753569
1888,000000	24,205128	1,919719
1889,000000	24,217949	1,749549
1890,000000	24,230769	1,763850
1891,000000	24,243590	1,814070
1892,000000	24,256410	1,801584
1893,000000	24,269231	1,630270
1894,000000	24,282051	1,691217
1895,000000	24,294872	1,722040
1896,000000	24,307692	1,852594
1897,000000	24,320513	1,857512
1898,000000	24,333333	1,682243
1899,000000	24,346154	1,766499
1900,000000	24,358974	1,642290
1901,000000	24,371795	1,926194
1902,000000	24,384615	1,823507
1903,000000	24,397436	1,582621
1904,000000	24,410256	1,670650
1905,000000	24,423077	1,874577
1906,000000	24,435897	1,534400
1907,000000	24,448718	1,954987
1908,000000	24,461538	1,703221
1909,000000	24,474359	1,638644
1910,000000	24,487179	1,730870
1911,000000	24,500000	1,694239
1912,000000	24,512821	1,858071
1913,000000	24,525641	1,698169
1914,000000	24,538462	1,707070
1915,000000	24,551282	1,677240
1916,000000	24,564103	1,767840
1917,000000	24,576923	1,922620
1918,000000	24,589744	1,762209
1919,000000	24,602564	1,861667
1920,000000	24,615385	1,747791
1921,000000	24,628205	1,728251
1922,000000	24,641026	1,919470
1923,000000	24,653846	1,588149
1924,000000	24,666667	1,691690
1925,000000	24,679487	1,781624
1926,000000	24,692308	1,741282
1927,000000	24,705128	1,760091
1928,000000	24,717949	1,846582
1929,000000	24,730769	1,823168
1930,000000	24,743590	1,689155
1931,000000	24,756410	1,871768
1932,000000	24,769231	1,809097
1933,000000	24,782051	1,874247
1934,000000	24,794872	1,832466
1935,000000	24,807692	1,724156
1936,000000	24,820513	1,798460
1937,000000	24,833333	1,602459
1938,000000	24,846154	1,682997
1939,000000	24,858974	1,870148
1940,000000	24,871795	1,811142
1941,000000	24,884615	1,697256
1942,000000	24,897436	1,600511
1943,000000	24,910256	1,859944
1944,000000	24,923077	1,763539
1945,000000	24,935897	1,780091
1946,000000	24,948718	1,832887
1947,000000	24,961538	1,680690
1948,000000	24,974359	1,696853
1949,000000	24,987179	1,657939
1950,000000	25,000000	1,712248
1951,000000	25,012821	1,986688
1952,000000	25,025641	1,923871
1953,000000	25,038462	1,737325
1954,000000	25,051282	1,578015
1955,000000	25,064103	1,899356
1956,000000	25,076923	1,716129
1957,000000	25,089744	1,681408
1958,000000	25,102564	1,557314
1959,000000	25,115385	1,816053
1960,000000	25,128205	1,769424
1961,000000	25,141026	1,740698
1962,000000	25,153846	1,790642
1963,000000	25,166667	1,781499
1964,000000	25,179487	1,721240
1965,000000	25,192308	1,789451
1966,000000	25,205128	1,856752
1967,000000	25,217949	1,733797
1968,000000	25,230769	1,747253
1969,000000	25,243590	1,705766
1970,000000	25,256410	1,788457
1971,000000	25,269231	2,050226
1972,000000	25,282051	1,726279
1973,000000	25,294872	1,864323
1974,000000	25,307692	1,668567
1975,000000	25,320513	1,752568
1976,000000	25,333333	1,884923
1977,000000	25,346154	1,681894
1978,000000	25,358974	1,649869
1979,000000	25,371795	1,736318
1980,000000	25,384615	1,595181
1981,000000	25,397436	1,696193
1982,000000	25,410256	1,756125
1983,000000	25,423077	1,792867
1984,000000	25,435897	1,890446
1985,000000	25,448718	1,781339
1986,000000	25,461538	1,770077
1987,000000	25,474359	1,658383
1988,000000	25,487179	1,745346
1989,000000	25,500000	1,737779
1990,000000	25,512821	1,818515
1991,000000	25,525641	1,799925
1992,000000	25,538462	1,775979
1993,000000	25,551282	1,724805
1994,000000	25,564103	1,718418
1995,000000	25,576923	1,613113
1996,000000	25,589744	1,912888
1997,000000	25,602564	1,855670
1998,000000	25,615385	1,868808
1999,000000	25,628205	1,997240
2000,000000	25,641026	1,782510
2001,000000	25,653846	1,738306
2002,000000	25,666667	1,664808
2003,000000	25,679487	1,838108
2004,000000	25,692308	1,837823
2005,000000	25,705128	1,846869
2006,000000	25,717949	1,528792
2007,000000	25,730769	1,815070
2008,000000	25,743590	1,860644
2009,000000	25,756410	1,898363
2010,000000	25,769231	1,874438
2011,000000	25,782051	1,743163
2012,000000	25,794872	1,667409
2013,000000	25,807692	1,844032
2014,000000	25,820513	1,696048
2015,000000	25,833333	1,877814
2016,000000	25,846154	1,950903
2017,000000	25,858974	1,730467
2018,000000	25,871795	1,817789
2019,000000	25,884615	1,864731
2020,000000	25,897436	1,968063
2021,000000	25,910256	1,704685
2022,000000	25,923077	1,703664
2023,000000	25,935897	1,628476
2024,000000	25,948718	1,752191
2025,000000	25,961538	1,669333
2026,000000	25,974359	1,953895
2027,000000	25,987179	1,842935
2028,000000	26,000000	1,908188
2029,000000	26,012821	1,775142
2030,000000	26,025641	1,824530
2031,000000	26,038462	1,711482
2032,000000	26,051282	1,821443
2033,000000	26,064103	1,705124
2034,000000	26,076923	1,677865
2035,000000	26,089744	1,797310
2036,000000	26,102564	1,889077
2037,000000	26,115385	1,747143
2038,000000	26,128205	1,751345
2039,000000	26,141026	1,782120
2040,000000	26,153846	1,610326
2041,000000	26,166667	1,821550
2042,000000	26,179487	1,900312
2043,000000	26,192308	1,742561
2044,000000	26,205128	1,523204
2045,000000	26,217949	1,751164
2046,000000	26,230769	1,764909
2047,000000	26,243590	1,570844
2048,000000	26,256410	1,625577
2049,000000	26,269231	1,669076
2050,000000	26,282051	1,724115
2051,000000	26,294872	1,835568
2052,000000	26,307692	1,714658
2053,000000	26,320513	1,764693
2054,000000	26,333333	1,763341
2055,000000	26,346154	1,774406
2056,000000	26,358974	1,658566
2057,000000	26,371795	1,875444
2058,000000	26,384615	1,864752
2059,000000	26,397436	1,820842
2060,000000	26,410256	1,667967
2061,000000	26,423077	1,782675
2062,000000	26,435897	1,722175
2063,000000	26,448718	1,869828
2064,000000	26,461538	1,614732
2065,000000	26,474359	1,615581
2066,000000	26,487179	1,800203
2067,000000	26,500000	1,842945
2068,000000	26,512821	1,851060
2069,000000	26,525641	1,880710
2070,000000	26,538462	1,967998
2071,000000	26,551282	1,735283
2072,000000	26,564103	1,764827
2073,000000	26,576923	1,714938
2074,000000	26,589744	1,583153
2075,000000	26,602564	1,720423
2076,000000	26,615385	1,687232
2077,000000	26,628205	1,584811
2078,000000	26,641026	1,907577
2079,000000	26,653846	1,912640
2080,000000	26,666667	1,850997
2081,000000	26,679487	1,746448
2082,000000	26,692308	1,714986
2083,000000	26,705128	1,744789
2084,000000	26,717949	1,756192
2085,000000	26,730769	1,661939
2086,000000	26,743590	1,725564
2087,000000	26,756410	1,724159
2088,000000	26,769231	1,698629
2089,000000	26,782051	1,642556
2090,000000	26,794872	1,844068
2091,000000	26,807692	1,957071
2092,000000	26,820513	1,958664
2093,000000	26,833333	1,933276
2094,000000	26,846154	1,827983
2095,000000	26,858974	1,892814
2096,000000	26,871795	1,751479
2097,000000	26,884615	1,642688
2098,000000	26,897436	1,963081
2099,000000	26,910256	1,744752
2100,000000	26,923077	1,766405
2101,000000	26,935897	1,713324
2102,000000	26,948718	1,693097
2103,000000	26,961538	1,863599
2104,000000	26,974359	1,821709
2105,000000	26,987179	1,993448
2106,000000	27,000000	1,770428
2107,000000	27,012821	1,916040
2108,000000	27,025641	1,627070
2109,000000	27,038462	1,924122
2110,000000	27,051282	1,708922
2111,000000	27,064103	1,731917
2112,000000	27,076923	1,778710
2113,000000	27,089744	1,784473
2114,000000	27,102564	1,760476
2115,000000	27,115385	1,770125
2116,000000	27,128205	1,761515
2117,000000	27,141026	1,744881
2118,000000	27,153846	1,610457
2119,000000	27,166667	1,901876
2120,000000	27,179487	1,895326
2121,000000	27,192308	1,632200
2122,000000	27,205128	1,755276
2123,000000	27,217949	1,786725
2124,000000	27,230769	1,695845
2125,000000	27,243590	1,654217
2126,000000	27,256410	1,753832
2127,000000	27,269231	1,733317
2128,000000	27,282051	1,726573
2129,000000	27,294872	1,743736
2130,000000	27,307692	1,786477
2131,000000	27,320513	1,726572
2132,000000	27,333333	1,845467
2133,000000	27,346154	1,702570
2134,000000	27,358974	1,665709
2135,000000	27,371795	1,846933
2136,000000	27,384615	1,798850
2137,000000	27,397436	1,852736
2138,000000	27,410256	1,776120
2139,000000	27,423077	1,712209
2140,000000	27,435897	1,680099
2141,000000	27,448718	1,712167
2142,000000	27,461538	1,813152
2143,000000	27,474359	1,785992
2144,000000	27,487179	1,924494
2145,000000	27,500000	1,888168
2146,000000	27,512821	1,827739
2147,000000	27,525641	1,668742
2148,000000	27,538462	1,628210
2149,000000	27,551282	1,639720
2150,000000	27,564103	1,660886
2151,000000	27,576923	1,670386
2152,000000	27,589744	1,673184
2153,000000	27,602564	1,575433
2154,000000	27,615385	1,661307
2155,000000	27,628205	1,692766
2156,000000	27,641026	1,812202
2157,000000	27,653846	1,879823
2158,000000	27,666667	1,686756
2159,000000	27,679487	1,697338
2160,000000	27,692308	1,817158
2161,000000	27,705128	1,720456
2162,000000	27,717949	1,825410
2163,000000	27,730769	1,847581
2164,000000	27,743590	1,704128
2165,000000	27,756410	1,699933
2166,000000	27,769231	1,711753
2167,000000	27,782051	1,578934
2168,000000	27,794872	2,019981
2169,000000	27,807692	1,844798
2170,000000	27,820513	1,741799
2171,000000	27,833333	1,640095
2172,000000	27,846154	1,744563
2173,000000	27,858974	1,738945
2174,000000	27,871795	1,691470
2175,000000	27,884615	1,634273
2176,000000	27,897436	1,876731
2177,000000	27,910256	1,873487
2178,000000	27,923077	1,843680
2179,000000	27,935897	1,895923
2180,000000	27,948718	1,724031
2181,000000	27,961538	1,761754
2182,000000	27,974359	1,706566
2183,000000	27,987179	1,748670
2184,000000	28,000000	1,738404
2185,000000	28,012821	1,688228
2186,000000	28,025641	1,764516
2187,000000	28,038462	1,643292
2188,000000	28,051282	1,542076
2189,000000	28,064103	1,624916
2190,000000	28,076923	1,693446
2191,000000	28,089744	1,824282
2192,000000	28,102564	1,765503
2193,000000	28,115385	1,685317
2194,000000	28,128205	1,639563
2195,000000	28,141026	1,922601
2196,000000	28,153846	1,770054
2197,000000	28,166667	1,531640
2198,000000	28,179487	1,668893
2199,000000	28,192308	1,841301
2200,000000	28,205128	1,752561
2201,000000	28,217949	1,710435
2202,000000	28,230769	2,116459
2203,000000	28,243590	1,652321
2204,000000	28,256410	1,895056
2205,000000	28,269231	1,609319
2206,000000	28,282051	1,829087
2207,000000	28,294872	1,842661
2208,000000	28,307692	1,830237
2209,000000	28,320513	1,742407
2210,000000	28,333333	1,853341
2211,000000	28,346154	1,818848
2212,000000	28,358974	1,744150
2213,000000	28,371795	1,770496
2214,000000	28,384615	1,933288
2215,000000	28,397436	1,935815
2216,000000	28,410256	1,703936
2217,000000	28,423077	1,801619
2218,000000	28,435897	1,700205
2219,000000	28,448718	1,862118
2220,000000	28,461538	1,581738
2221,000000	28,474359	1,625910
2222,000000	28,487179	1,632559
2223,000000	28,500000	1,896950
2224,000000	28,512821	1,702547
2225,000000	28,525641	1,734035
2226,000000	28,538462	1,685080
2227,000000	28,551282	1,729647
2228,000000	28,564103	1,785577
2229,000000	28,576923	1,792456
2230,000000	28,589744	1,759015
2231,000000	28,602564	1,674104
2232,000000	28,615385	1,928221
2233,000000	28,628205	1,792764
2234,000000	28,641026	1,646332
2235,000000	28,653846	1,752804
2236,000000	28,666667	1,758368
2237,000000	28,679487	1,726783
2238,000000	28,692308	1,614437
2239,000000	28,705128	1,860923
2240,000000	28,717949	1,781516
2241,000000	28,730769	1,683989
2242,000000	28,743590	1,687978
2243,000000	28,756410	1,814896
2244,000000	28,769231	1,649910
2245,000000	28,782051	1,826130
2246,000000	28,794872	1,780344
2247,000000	28,807692	1,660489
2248,000000	28,820513	1,706651
2249,000000	28,833333	1,487646
2250,000000	28,846154	1,713202
2251,000000	28,858974	1,760662
2252,000000	28,871795	1,915172
2253,000000	28,884615	1,873027
2254,000000	28,897436	1,814872
2255,000000	28,910256	1,705192
2256,000000	28,923077	1,835606
2257,000000	28,935897	1,656925
2258,000000	28,948718	1,770968
2259,000000	28,961538	1,829641
2260,000000	28,974359	1,717788
2261,000000	28,987179	1,716091
2262,000000	29,000000	1,787100
2263,000000	29,012821	1,787356
2264,000000	29,025641	1,921827
2265,000000	29,038462	1,768706
2266,000000	29,051282	1,665771
2267,000000	29,064103	1,740391
2268,000000	29,076923	1,769516
2269,000000	29,089744	1,747242
2270,000000	29,102564	1,566239
2271,000000	29,115385	1,663028
2272,000000	29,128205	1,785325
2273,000000	29,141026	1,665613
2274,000000	29,153846	1,799524
2275,000000	29,166667	1,830278
2276,000000	29,179487	1,804229
2277,000000	29,192308	1,779901
2278,000000	29,205128	1,610734
2279,000000	29,217949	1,762352
2280,000000	29,230769	1,752460
2281,000000	29,243590	1,853680
2282,000000	29,256410	1,697022
2283,000000	29,269231	1,782188
2284,000000	29,282051	1,718033
2285,000000	29,294872	1,839034
2286,000000	29,307692	1,699522
2287,000000	29,320513	1,783002
2288,000000	29,333333	1,874117
2289,000000	29,346154	1,836773
2290,000000	29,358974	1,755225
2291,000000	29,371795	1,638350
2292,000000	29,384615	1,784379
2293,000000	29,397436	1,550410
2294,000000	29,410256	1,803032
2295,000000	29,423077	1,695175
2296,000000	29,435897	1,894750
2297,000000	29,448718	1,826804
2298,000000	29,461538	1,558284
2299,000000	29,474359	1,603360
2300,000000	29,487179	1,888892
2301,000000	29,500000	1,672062
2302,000000	29,512821	1,841033
2303,000000	29,525641	1,624460
2304,000000	29,538462	1,948498
2305,000000	29,551282	1,649153
2306,000000	29,564103	1,792389
2307,000000	29,576923	1,695959
2308,000000	29,589744	1,786377
2309,000000	29,602564	1,735253
2310,000000	29,615385	1,746078
2311,000000	29,628205	1,893829
2312,000000	29,641026	1,846064
2313,000000	29,653846	1,682468
2314,000000	29,666667	1,806251
2315,000000	29,679487	1,757657
2316,000000	29,692308	1,791029
2317,000000	29,705128	1,755089
2318,000000	29,717949	1,790108
2319,000000	29,730769	1,633978
2320,000000	29,743590	1,735255
2321,000000	29,756410	1,913252
2322,000000	29,769231	1,877737
2323,000000	29,782051	1,747195
2324,000000	29,794872	1,663762
2325,000000	29,807692	1,824930
2326,000000	29,820513	1,860127
2327,000000	29,833333	1,897373
2328,000000	29,846154	1,816975
2329,000000	29,858974	1,731895
2330,000000	29,871795	1,686006
2331,000000	29,884615	1,840910
2332,000000	29,897436	1,842291
2333,000000	29,910256	1,577853
2334,000000	29,923077	1,667923
2335,000000	29,935897	1,899974
2336,000000	29,948718	1,731405
2337,000000	29,961538	1,748093
2338,000000	29,974359	1,786703
2339,000000	29,987179	1,750061
2340,000000	30,000000	1,682886
2341,000000	30,012821	1,885725
2342,000000	30,025641	1,791966
2343,000000	30,038462	1,787621
2344,000000	30,051282	1,796593
2345,000000	30,064103	1,944778
2346,000000	30,076923	1,796803
2347,000000	30,089744	1,885512
2348,000000	30,102564	1,637820
2349,000000	30,115385	1,850228
2350,000000	30,128205	1,864862
2351,000000	30,141026	1,773298
2352,000000	30,153846	1,882020
2353,000000	30,166667	1,637962
2354,000000	30,179487	1,796145
2355,000000	30,192308	1,890575
2356,000000	30,205128	1,808182
2357,000000	30,217949	1,654385
2358,000000	30,230769	1,699694
2359,000000	30,243590	1,885232
2360,000000	30,256410	1,679444
2361,000000	30,269231	1,790724
2362,000000	30,282051	1,582063
2363,000000	30,294872	1,815205
2364,000000	30,307692	1,701987
2365,000000	30,320513	1,824962
2366,000000	30,333333	1,749882
2367,000000	30,346154	1,751305
2368,000000	30,358974	1,809172
2369,000000	30,371795	1,781297
2370,000000	30,384615	1,720638
2371,000000	30,397436	1,805984
2372,000000	30,410256	1,881354
2373,000000	30,423077	1,741213
2374,000000	30,435897	1,773677
2375,000000	30,448718	1,769456
2376,000000	30,461538	1,662666
2377,000000	30,474359	1,712868
2378,000000	30,487179	1,704848
2379,000000	30,500000	1,850420
2380,000000	30,512821	1,777132
2381,000000	30,525641	1,798830
2382,000000	30,538462	1,522407
2383,000000	30,551282	1,836808
2384,000000	30,564103	1,738086
2385,000000	30,576923	1,761854
2386,000000	30,589744	1,604239
2387,000000	30,602564	1,792094
2388,000000	30,615385	1,843141
2389,000000	30,628205	1,866282
2390,000000	30,641026	1,798995
2391,000000	30,653846	1,836098
2392,000000	30,666667	1,562420
2393,000000	30,679487	1,780135
2394,000000	30,692308	1,663380
2395,000000	30,705128	1,906648
2396,000000	30,717949	1,771492
2397,000000	30,730769	1,703825
2398,000000	30,743590	1,768254
2399,000000	30,756410	1,903708
2400,000000	30,769231	1,741788
2401,000000	30,782051	1,924788
2402,000000	30,794872	1,670249
2403,000000	30,807692	1,830923
2404,000000	30,820513	1,606543
2405,000000	30,833333	1,872859
2406,000000	30,846154	1,655287
2407,000000	30,858974	1,766447
2408,000000	30,871795	1,761026
2409,000000	30,884615	1,831397
2410,000000	30,897436	1,728979
2411,000000	30,910256	1,779636
2412,000000	30,923077	1,549084
2413,000000	30,935897	1,667724
2414,000000	30,948718	1,744568
2415,000000	30,961538	2,101934
2416,000000	30,974359	1,759278
2417,000000	30,987179	1,567334
2418,000000	31,000000	1,714926
2419,000000	31,012821	1,806876
2420,000000	31,025641	1,705193
2421,000000	31,038462	1,584996
2422,000000	31,051282	1,704136
2423,000000	31,064103	1,860876
2424,000000	31,076923	1,718603
2425,000000	31,089744	1,591087
2426,000000	31,102564	1,894318
2427,000000	31,115385	1,859804
2428,000000	31,128205	1,703703
2429,000000	31,141026	1,865290
2430,000000	31,153846	1,699759
2431,000000	31,166667	1,712557
2432,000000	31,179487	1,753867
2433,000000	31,192308	1,778125
2434,000000	31,205128	1,768111
2435,000000	31,217949	1,664418
2436,000000	31,230769	1,900591
2437,000000	31,243590	1,732425
2438,000000	31,256410	1,850427
2439,000000	31,269231	1,668876
2440,000000	31,282051	1,796564
2441,000000	31,294872	1,778676
2442,000000	31,307692	1,838172
2443,000000	31,320513	1,755450
2444,000000	31,333333	1,704669
2445,000000	31,346154	1,651990
2446,000000	31,358974	1,732710
2447,000000	31,371795	1,709424
2448,000000	31,384615	1,919611
2449,000000	31,397436	1,827428
2450,000000	31,410256	1,775583
2451,000000	31,423077	1,804143
2452,000000	31,435897	1,699751
2453,000000	31,448718	1,625784
2454,000000	31,461538	1,679649
2455,000000	31,474359	1,780557
2456,000000	31,487179	1,727485
2457,000000	31,500000	1,735086
2458,000000	31,512821	1,777062
2459,000000	31,525641	1,706207
2460,000000	31,538462	1,761155
2461,000000	31,551282	1,734308
2462,000000	31,564103	1,634455
2463,000000	31,576923	1,648470
2464,000000	31,589744	1,781193
2465,000000	31,602564	1,906160
2466,000000	31,615385	1,897110
2467,000000	31,628205	1,574884
2468,000000	31,641026	1,794331
2469,000000	31,653846	1,740435
2470,000000	31,666667	1,777189
2471,000000	31,679487	1,872138
2472,000000	31,692308	1,812931
2473,000000	31,705128	1,610564
2474,000000	31,717949	1,802418
2475,000000	31,730769	1,855006
2476,000000	31,743590	1,861283
2477,000000	31,756410	1,945261
2478,000000	31,769231	1,713365
2479,000000	31,782051	1,663882
2480,000000	31,794872	1,713224
2481,000000	31,807692	1,734412
2482,000000	31,820513	1,672024
2483,000000	31,833333	1,844724
2484,000000	31,846154	1,792518
2485,000000	31,858974	1,833725
2486,000000	31,871795	1,690322
2487,000000	31,884615	1,795925
2488,000000	31,897436	1,635736
2489,000000	31,910256	1,752310
2490,000000	31,923077	1,859649
2491,000000	31,935897	1,641407
2492,000000	31,948718	1,860614
2493,000000	31,961538	1,786973
2494,000000	31,974359	1,749577
2495,000000	31,987179	1,797512
2496,000000	32,000000	1,669643
2497,000000	32,012821	1,671454
2498,000000	32,025641	1,779370
2499,000000	32,038462	1,799387
2500,000000	32,051282	1,841703
2501,000000	32,064103	1,695222
2502,000000	32,076923	1,758628
2503,000000	32,089744	1,676361
2504,000000	32,102564	1,625026
2505,000000	32,115385	1,830010
2506,000000	32,128205	1,771899
2507,000000	32,141026	1,802880
2508,000000	32,153846	1,688137
2509,000000	32,166667	1,699815
2510,000000	32,179487	1,896020
2511,000000	32,192308	1,587926
2512,000000	32,205128	1,712004
2513,000000	32,217949	1,835175
2514,000000	32,230769	1,789227
2515,000000	32,243590	1,704706
2516,000000	32,256410	1,721252
2517,000000	32,269231	1,782990
2518,000000	32,282051	1,760270
2519,000000	32,294872	1,689299
2520,000000	32,307692	1,674682
2521,000000	32,320513	1,812515
2522,000000	32,333333	1,904436
2523,000000	32,346154	1,692865
2524,000000	32,358974	1,802637
2525,000000	32,371795	1,816504
2526,000000	32,384615	1,795474
2527,000000	32,397436	1,787594
2528,000000	32,410256	1,837023
2529,000000	32,423077	1,707764
2530,000000	32,435897	1,724058
2531,000000	32,448718	1,661285
2532,000000	32,461538	1,587822
2533,000000	32,474359	1,961958
2534,000000	32,487179	1,746991
2535,000000	32,500000	1,819954
2536,000000	32,512821	1,668507
2537,000000	32,525641	1,848906
2538,000000	32,538462	1,750456
2539,000000	32,551282	1,572502
2540,000000	32,564103	1,689154
2541,000000	32,576923	1,810311
2542,000000	32,589744	1,773933
2543,000000	32,602564	1,756777
2544,000000	32,615385	1,741908
2545,000000	32,628205	1,683241
2546,000000	32,641026	1,784744
2547,000000	32,653846	1,777672
2548,000000	32,666667	2,064372
2549,000000	32,679487	1,685254
2550,000000	32,692308	1,726716
2551,000000	32,705128	1,997576
2552,000000	32,717949	1,529396
2553,000000	32,730769	1,711368
2554,000000	32,743590	1,757817
2555,000000	32,756410	1,925724
2556,000000	32,769231	1,687381
2557,000000	32,782051	1,605831
2558,000000	32,794872	1,678708
2559,000000	32,807692	1,627799
2560,000000	32,820513	1,703869
2561,000000	32,833333	1,731861
2562,000000	32,846154	1,746996
2563,000000	32,858974	1,757121
2564,000000	32,871795	1,746929
2565,000000	32,884615	1,533348
2566,000000	32,897436	1,814652
2567,000000	32,910256	1,833729
2568,000000	32,923077	1,770827
2569,000000	32,935897	1,651404
2570,000000	32,948718	1,660974
2571,000000	32,961538	1,635847
2572,000000	32,974359	1,734420
2573,000000	32,987179	1,758670
2574,000000	33,000000	1,814025
2575,000000	33,012821	1,837033
2576,000000	33,025641	1,865754
2577,000000	33,038462	1,770335
2578,000000	33,051282	1,644262
2579,000000	33,064103	1,672253
2580,000000	33,076923	1,882658
2581,000000	33,089744	1,782642
2582,000000	33,102564	1,681409
2583,000000	33,115385	1,819634
2584,000000	33,128205	1,760190
2585,000000	33,141026	1,583381
2586,000000	33,153846	1,783277
2587,000000	33,166667	1,742962
2588,000000	33,179487	1,823867
2589,000000	33,192308	1,799956
2590,000000	33,205128	1,528614
2591,000000	33,217949	1,702588
2592,000000	33,230769	1,686877
2593,000000	33,243590	1,845276
2594,000000	33,256410	1,667105
2595,000000	33,269231	1,798009
2596,000000	33,282051	1,688275
2597,000000	33,294872	1,896952
2598,000000	33,307692	1,771298
2599,000000	33,320513	1,680373
2600,000000	33,333333	1,729801
2601,000000	33,346154	1,690930
2602,000000	33,358974	1,740089
2603,000000	33,371795	1,880066
2604,000000	33,384615	1,753111
2605,000000	33,397436	1,688206
2606,000000	33,410256	1,723303
2607,000000	33,423077	1,816494
2608,000000	33,435897	1,948730
2609,000000	33,448718	1,746746
2610,000000	33,461538	1,789910
2611,000000	33,474359	1,705295
2612,000000	33,487179	1,894195
2613,000000	33,500000	1,765225
2614,000000	33,512821	1,746668
2615,000000	33,525641	1,751343
2616,000000	33,538462	1,790740
2617,000000	33,551282	1,886784
2618,000000	33,564103	1,674220
2619,000000	33,576923	1,714702
2620,000000	33,589744	1,645987
2621,000000	33,602564	1,734672
2622,000000	33,615385	1,953581
2623,000000	33,628205	1,707112
2624,000000	33,641026	1,831714
2625,000000	33,653846	1,785352
2626,000000	33,666667	1,737596
2627,000000	33,679487	1,864376
2628,000000	33,692308	1,643345
2629,000000	33,705128	1,710247
2630,000000	33,717949	1,777825
2631,000000	33,730769	1,689147
2632,000000	33,743590	1,597413
2633,000000	33,756410	1,695322
2634,000000	33,769231	1,687343
2635,000000	33,782051	1,710962
2636,000000	33,794872	1,716222
2637,000000	33,807692	1,747895
2638,000000	33,820513	1,698722
2639,000000	33,833333	2,017563
2640,000000	33,846154	1,884709
2641,000000	33,858974	1,757625
2642,000000	33,871795	1,876130
2643,000000	33,884615	1,972471
2644,000000	33,897436	1,860716
2645,000000	33,910256	1,694047
2646,000000	33,923077	1,667114
2647,000000	33,935897	1,685543
2648,000000	33,948718	1,749645
2649,000000	33,961538	1,947698
2650,000000	33,974359	1,668202
2651,000000	33,987179	1,763800
2652,000000	34,000000	1,890657
2653,000000	34,012821	1,697807
2654,000000	34,025641	1,919760
2655,000000	34,038462	1,723993
2656,000000	34,051282	1,816082
2657,000000	34,064103	1,868163
2658,000000	34,076923	1,600706
2659,000000	34,089744	1,794152
2660,000000	34,102564	1,804301
2661,000000	34,115385	1,700041
2662,000000	34,128205	1,945305
2663,000000	34,141026	1,851588
2664,000000	34,153846	1,727157
2665,000000	34,166667	1,824468
2666,000000	34,179487	1,826987
2667,000000	34,192308	2,039474
2668,000000	34,205128	1,938952
2669,000000	34,217949	1,851896
2670,000000	34,230769	1,719631
2671,000000	34,243590	1,970023
2672,000000	34,256410	1,784782
2673,000000	34,269231	1,767220
2674,000000	34,282051	1,768662
2675,000000	34,294872	1,666529
2676,000000	34,307692	1,594465
2677,000000	34,320513	1,750587
2678,000000	34,333333	1,589038
2679,000000	34,346154	1,794289
2680,000000	34,358974	1,800260
2681,000000	34,371795	1,608064
2682,000000	34,384615	1,675641
2683,000000	34,397436	1,702940
2684,000000	34,410256	1,805885
2685,000000	34,423077	1,649383
2686,000000	34,435897	1,819887
2687,000000	34,448718	1,802164
2688,000000	34,461538	1,770971
2689,000000	34,474359	1,770823
2690,000000	34,487179	1,737528
2691,000000	34,500000	1,795750
2692,000000	34,512821	1,822749
2693,000000	34,525641	1,793943
2694,000000	34,538462	1,701214
2695,000000	34,551282	1,684898
2696,000000	34,564103	1,698635
2697,000000	34,576923	1,796616
2698,000000	34,589744	1,715470
2699,000000	34,602564	1,820261
2700,000000	34,615385	1,818979
2701,000000	34,628205	1,711164
2702,000000	34,641026	1,634942
2703,000000	34,653846	1,692022
2704,000000	34,666667	1,690404
2705,000000	34,679487	1,854148
2706,000000	34,692308	1,654206
2707,000000	34,705128	1,795614
2708,000000	34,717949	1,961494
2709,000000	34,730769	1,709472
2710,000000	34,743590	1,845609
2711,000000	34,756410	1,704979
2712,000000	34,769231	1,848249
2713,000000	34,782051	1,678099
2714,000000	34,794872	1,742440
2715,000000	34,807692	1,749348
2716,000000	34,820513	1,693693
2717,000000	34,833333	1,724194
2718,000000	34,846154	1,721068
2719,000000	34,858974	1,926095
2720,000000	34,871795	1,611128
2721,000000	34,884615	1,640077
2722,000000	34,897436	1,900654
2723,000000	34,910256	1,758542
2724,000000	34,923077	1,792002
2725,000000	34,935897	1,896173
2726,000000	34,948718	1,786702
2727,000000	34,961538	1,795663
2728,000000	34,974359	1,899168
2729,000000	34,987179	1,711249
2730,000000	35,000000	1,819514
2731,000000	35,012821	1,713177
2732,000000	35,025641	1,604831
2733,000000	35,038462	1,832274
2734,000000	35,051282	1,877233
2735,000000	35,064103	1,879033
2736,000000	35,076923	1,798131
2737,000000	35,089744	1,747795
2738,000000	35,102564	1,740569
2739,000000	35,115385	1,757538
2740,000000	35,128205	1,738493
2741,000000	35,141026	1,914001
2742,000000	35,153846	1,720536
2743,000000	35,166667	1,661975
2744,000000	35,179487	1,782002
2745,000000	35,192308	1,734176
2746,000000	35,205128	1,782211
2747,000000	35,217949	1,774858
2748,000000	35,230769	1,834378
2749,000000	35,243590	1,890881
2750,000000	35,256410	1,731331
2751,000000	35,269231	1,820843
2752,000000	35,282051	1,788610
2753,000000	35,294872	1,756586
2754,000000	35,307692	1,737169
2755,000000	35,320513	1,582295
2756,000000	35,333333	1,753531
2757,000000	35,346154	1,832852
2758,000000	35,358974	1,719278
2759,000000	35,371795	1,865424
2760,000000	35,384615	1,759058
2761,000000	35,397436	1,953833
2762,000000	35,410256	1,702524
2763,000000	35,423077	1,600073
2764,000000	35,435897	1,998000
2765,000000	35,448718	1,634065
2766,000000	35,461538	1,680273
2767,000000	35,474359	1,594435
2768,000000	35,487179	1,836516
2769,000000	35,500000	1,808162
2770,000000	35,512821	1,644550
2771,000000	35,525641	1,640393
2772,000000	35,538462	1,774887
2773,000000	35,551282	1,691402
2774,000000	35,564103	1,891217
2775,000000	35,576923	1,750634
2776,000000	35,589744	1,732688
2777,000000	35,602564	1,762944
2778,000000	35,615385	1,868485
2779,000000	35,628205	1,717151
2780,000000	35,641026	1,745519
2781,000000	35,653846	1,858843
2782,000000	35,666667	1,720789
2783,000000	35,679487	1,833298
2784,000000	35,692308	1,956840
2785,000000	35,705128	1,753597
2786,000000	35,717949	1,927868
2787,000000	35,730769	1,922300
2788,000000	35,743590	1,558347
2789,000000	35,756410	1,735872
2790,000000	35,769231	1,799791
2791,000000	35,782051	1,726189
2792,000000	35,794872	1,672571
2793,000000	35,807692	1,730385
2794,000000	35,820513	1,738649
2795,000000	35,833333	1,862065
2796,000000	35,846154	1,749573
2797,000000	35,858974	1,724581
2798,000000	35,871795	1,741870
2799,000000	35,884615	1,758229
2800,000000	35,897436	1,641537
2801,000000	35,910256	1,750525
2802,000000	35,923077	1,650874
2803,000000	35,935897	1,872533
2804,000000	35,948718	1,668962
2805,000000	35,961538	1,836971
2806,000000	35,974359	1,694341
2807,000000	35,987179	1,750899
2808,000000	36,000000	1,801681
2809,000000	36,012821	1,637099
2810,000000	36,025641	1,854441
2811,000000	36,038462	1,871956
2812,000000	36,051282	1,758577
2813,000000	36,064103	1,667575
2814,000000	36,076923	1,792051
2815,000000	36,089744	1,799159
2816,000000	36,102564	1,818484
2817,000000	36,115385	1,719944
2818,000000	36,128205	1,694049
2819,000000	36,141026	1,669768
2820,000000	36,153846	1,891588
2821,000000	36,166667	1,703388
2822,000000	36,179487	1,818157
2823,000000	36,192308	1,607379
2824,000000	36,205128	1,874316
2825,000000	36,217949	1,613284
2826,000000	36,230769	1,840194
2827,000000	36,243590	1,720473
2828,000000	36,256410	1,815626
2829,000000	36,269231	1,889759
2830,000000	36,282051	1,547673
2831,000000	36,294872	1,735322
2832,000000	36,307692	1,820942
2833,000000	36,320513	1,860187
2834,000000	36,333333	1,826070
2835,000000	36,346154	1,724220
2836,000000	36,358974	1,567642
2837,000000	36,371795	1,712108
2838,000000	36,384615	1,856186
2839,000000	36,397436	1,836213
2840,000000	36,410256	1,605689
2841,000000	36,423077	1,753415
2842,000000	36,435897	1,804675
2843,000000	36,448718	1,603012
2844,000000	36,461538	1,711226
2845,000000	36,474359	1,762355
2846,000000	36,487179	1,910439
2847,000000	36,500000	1,760229
2848,000000	36,512821	1,837683
2849,000000	36,525641	1,763904
2850,000000	36,538462	1,680563
2851,000000	36,551282	1,709660
2852,000000	36,564103	1,746347
2853,000000	36,576923	1,897687
2854,000000	36,589744	1,788553
2855,000000	36,602564	1,680708
2856,000000	36,615385	1,688513
2857,000000	36,628205	1,853847
2858,000000	36,641026	1,803421
2859,000000	36,653846	1,795384
2860,000000	36,666667	1,706724
2861,000000	36,679487	1,742023
2862,000000	36,692308	1,815841
2863,000000	36,705128	1,840876
2864,000000	36,717949	1,880843
2865,000000	36,730769	1,776214
2866,000000	36,743590	1,799527
2867,000000	36,756410	1,743133
2868,000000	36,769231	1,825044
2869,000000	36,782051	1,854692
2870,000000	36,794872	1,703788
2871,000000	36,807692	1,793073
2872,000000	36,820513	1,800048
2873,000000	36,833333	1,869401
2874,000000	36,846154	1,633327
2875,000000	36,858974	1,592565
2876,000000	36,871795	1,718774
2877,000000	36,884615	1,750049
2878,000000	36,897436	1,835965
2879,000000	36,910256	1,539617
2880,000000	36,923077	1,790257
2881,000000	36,935897	1,779741
2882,000000	36,948718	1,839450
2883,000000	36,961538	1,806510
2884,000000	36,974359	1,750487
2885,000000	36,987179	1,641717
2886,000000	37,000000	1,697045
2887,000000	37,012821	1,755512
2888,000000	37,025641	1,795702
2889,000000	37,038462	1,838010
2890,000000	37,051282	1,855584
2891,000000	37,064103	1,792037
2892,000000	37,076923	1,874005
2893,000000	37,089744	1,662219
2894,000000	37,102564	1,679379
2895,000000	37,115385	1,635066
2896,000000	37,128205	1,602296
2897,000000	37,141026	1,876242
2898,000000	37,153846	1,807514
2899,000000	37,166667	1,820384
2900,000000	37,179487	1,752307
2901,000000	37,192308	1,869749
2902,000000	37,205128	1,556403
2903,000000	37,217949	1,684434
2904,000000	37,230769	1,765022
2905,000000	37,243590	1,769565
2906,000000	37,256410	1,704065
2907,000000	37,269231	1,906793
2908,000000	37,282051	1,712575
2909,000000	37,294872	1,879853
2910,000000	37,307692	1,685167
2911,000000	37,320513	1,727569
2912,000000	37,333333	1,722179
2913,000000	37,346154	1,709413
2914,000000	37,358974	1,788506
2915,000000	37,371795	1,751571
2916,000000	37,384615	1,815725
2917,000000	37,397436	1,817163
2918,000000	37,410256	1,702695
2919,000000	37,423077	2,003594
2920,000000	37,435897	1,862504
2921,000000	37,448718	1,800997
2922,000000	37,461538	1,883482
2923,000000	37,474359	1,801140
2924,000000	37,487179	1,639036
2925,000000	37,500000	1,822800
2926,000000	37,512821	1,782420
2927,000000	37,525641	1,723637
2928,000000	37,538462	1,756303
2929,000000	37,551282	1,716216
2930,000000	37,564103	1,661366
2931,000000	37,576923	1,814906
2932,000000	37,589744	1,808669
2933,000000	37,602564	1,747697
2934,000000	37,615385	1,733021
2935,000000	37,628205	1,939752
2936,000000	37,641026	1,848066
2937,000000	37,653846	1,860449
2938,000000	37,666667	1,792347
2939,000000	37,679487	1,857857
2940,000000	37,692308	1,544667
2941,000000	37,705128	1,854118
2942,000000	37,717949	1,582067
2943,000000	37,730769	1,698024
2944,000000	37,743590	1,815057
2945,000000	37,756410	1,894733
2946,000000	37,769231	1,659900
2947,000000	37,782051	1,805063
2948,000000	37,794872	1,668463
2949,000000	37,807692	1,780471
2950,000000	37,820513	1,715684
2951,000000	37,833333	1,838397
2952,000000	37,846154	1,893605
2953,000000	37,858974	1,850281
2954,000000	37,871795	1,713959
2955,000000	37,884615	1,807809
2956,000000	37,897436	1,720384
2957,000000	37,910256	1,572966
2958,000000	37,923077	1,575409
2959,000000	37,935897	1,873391
2960,000000	37,948718	1,901181
2961,000000	37,961538	1,793874
2962,000000	37,974359	1,779754
2963,000000	37,987179	1,662313
2964,000000	38,000000	1,824065
2965,000000	38,012821	1,847528
2966,000000	38,025641	1,798667
2967,000000	38,038462	1,793625
2968,000000	38,051282	1,877165
2969,000000	38,064103	1,686851
2970,000000	38,076923	1,854025
2971,000000	38,089744	1,756096
2972,000000	38,102564	1,772825
2973,000000	38,115385	1,841178
2974,000000	38,128205	1,782813
2975,000000	38,141026	1,752250
2976,000000	38,153846	1,740257
2977,000000	38,166667	1,754946
2978,000000	38,179487	1,972356
2979,000000	38,192308	1,709440
2980,000000	38,205128	1,766808
2981,000000	38,217949	1,657716
2982,000000	38,230769	1,649584
2983,000000	38,243590	1,734804
2984,000000	38,256410	1,810903
2985,000000	38,269231	1,691963
2986,000000	38,282051	1,742225
2987,000000	38,294872	1,908087
2988,000000	38,307692	1,792910
2989,000000	38,320513	1,822355
2990,000000	38,333333	1,882884
2991,000000	38,346154	1,720693
2992,000000	38,358974	1,685285
2993,000000	38,371795	1,808552
2994,000000	38,384615	1,765926
2995,000000	38,397436	1,930864
2996,000000	38,410256	1,761430
2997,000000	38,423077	1,843647
2998,000000	38,435897	1,781146
2999,000000	38,448718	1,828229
3000,000000	38,461538	1,884222
3001,000000	38,474359	1,633529
3002,000000	38,487179	1,565889
3003,000000	38,500000	1,646548
3004,000000	38,512821	1,758128
3005,000000	38,525641	1,730884
3006,000000	38,538462	1,820415
3007,000000	38,551282	1,855904
3008,000000	38,564103	1,903062
3009,000000	38,576923	1,690286
3010,000000	38,589744	1,842551
3011,000000	38,602564	1,712618
3012,000000	38,615385	1,689898
3013,000000	38,628205	1,884698
3014,000000	38,641026	1,557142
3015,000000	38,653846	1,945348
3016,000000	38,666667	1,728093
3017,000000	38,679487	1,733809
3018,000000	38,692308	1,588612
3019,000000	38,705128	1,662383
3020,000000	38,717949	1,705463
3021,000000	38,730769	1,630289
3022,000000	38,743590	1,747336
3023,000000	38,756410	1,788345
3024,000000	38,769231	1,762959
3025,000000	38,782051	1,772030
3026,000000	38,794872	1,862933
3027,000000	38,807692	1,733872
3028,000000	38,820513	1,604989
3029,000000	38,833333	1,861868
3030,000000	38,846154	1,704759
3031,000000	38,858974	1,779287
3032,000000	38,871795	1,785792
3033,000000	38,884615	1,871185
3034,000000	38,897436	1,791976
3035,000000	38,910256	1,841508
3036,000000	38,923077	1,755963
3037,000000	38,935897	1,648424
3038,000000	38,948718	1,923158
3039,000000	38,961538	1,848716
3040,000000	38,974359	1,825288
3041,000000	38,987179	1,814407
3042,000000	39,000000	1,755511
3043,000000	39,012821	1,757737
3044,000000	39,025641	1,745287
3045,000000	39,038462	1,804562
3046,000000	39,051282	1,880365
3047,000000	39,064103	1,705197
3048,000000	39,076923	1,848542
3049,000000	39,089744	1,730780
3050,000000	39,102564	1,780378
3051,000000	39,115385	1,691920
3052,000000	39,128205	1,836552
3053,000000	39,141026	1,755622
3054,000000	39,153846	1,754847
3055,000000	39,166667	1,767945
3056,000000	39,179487	1,720930
3057,000000	39,192308	1,898227
3058,000000	39,205128	1,810873
3059,000000	39,217949	1,789277
3060,000000	39,230769	1,794589
3061,000000	39,243590	1,804166
3062,000000	39,256410	1,710764
3063,000000	39,269231	1,687140
3064,000000	39,282051	1,779235
3065,000000	39,294872	1,913850
3066,000000	39,307692	1,790567
3067,000000	39,320513	1,664194
3068,000000	39,333333	1,797883
3069,000000	39,346154	1,822968
3070,000000	39,358974	1,806167
3071,000000	39,371795	1,841858
3072,000000	39,384615	1,745200
3073,000000	39,397436	1,893609
3074,000000	39,410256	1,806744
3075,000000	39,423077	1,788069
3076,000000	39,435897	1,770749
3077,000000	39,448718	1,803030
3078,000000	39,461538	1,626966
3079,000000	39,474359	1,685780
3080,000000	39,487179	1,661833
3081,000000	39,500000	1,737198
3082,000000	39,512821	1,827085
3083,000000	39,525641	1,783392
3084,000000	39,538462	1,625215
3085,000000	39,551282	1,773182
3086,000000	39,564103	1,819124
3087,000000	39,576923	1,661828
3088,000000	39,589744	1,768876
3089,000000	39,602564	1,694604
3090,000000	39,615385	1,848527
3091,000000	39,628205	1,910746
3092,000000	39,641026	1,738602
3093,000000	39,653846	1,788479
3094,000000	39,666667	1,654132
3095,000000	39,679487	1,713339
3096,000000	39,692308	1,861444
3097,000000	39,705128	1,718580
3098,000000	39,717949	1,756737
3099,000000	39,730769	1,664748
3100,000000	39,743590	1,795619
3101,000000	39,756410	1,828145
3102,000000	39,769231	1,713898
3103,000000	39,782051	1,805669
3104,000000	39,794872	2,025633
3105,000000	39,807692	1,591596
3106,000000	39,820513	1,566655
3107,000000	39,833333	1,679650
3108,000000	39,846154	1,851047
3109,000000	39,858974	1,640312
3110,000000	39,871795	1,606669
3111,000000	39,884615	1,584896
3112,000000	39,897436	1,826517
3113,000000	39,910256	1,854121
3114,000000	39,923077	1,724324
3115,000000	39,935897	1,736738
3116,000000	39,948718	1,679206
3117,000000	39,961538	1,632204
3118,000000	39,974359	1,684548
3119,000000	39,987179	1,735548
