


A.  .plot_3.curve_1.TIME (sec)
B.  .plot_3.curve_1.y_data (newton)
C.  .plot_3.curve_2.y_data (newton)

       A               B               C         
 0.000000E+00    1.797423E+01    1.797423E+01   
 1.000000E-02   -2.194200E+01   -2.194200E+01   
 2.000000E-02   -1.585108E+01   -1.585108E+01   
 3.000000E-02   -4.241768E+00   -4.241768E+00   
 4.000000E-02    1.020745E+01    1.020745E+01   
 5.000000E-02    2.639654E+01    2.639654E+01   
 6.000000E-02    4.132255E+01    4.132255E+01   
 7.000000E-02    5.250417E+01    5.250417E+01   
 8.000000E-02    5.927605E+01    5.927605E+01   
 9.000000E-02    6.007331E+01    6.007331E+01   
 1.000000E-01    5.483099E+01    5.483099E+01   
 1.100000E-01    4.448165E+01    4.448165E+01   
 1.200000E-01    3.038894E+01    3.038894E+01   
 1.300000E-01    1.455626E+01    1.455626E+01   
 1.400000E-01   -6.882991E-01   -6.882991E-01   
 1.500000E-01   -1.336175E+01   -1.336175E+01   
 1.600000E-01   -2.171095E+01   -2.171095E+01   
 1.700000E-01   -2.445315E+01   -2.445315E+01   
 1.800000E-01   -2.124767E+01   -2.124767E+01   
 1.900000E-01   -1.252960E+01   -1.252960E+01   
 2.000000E-01    4.719351E-01    4.719351E-01   
 2.100000E-01    1.593152E+01    1.593152E+01   
 2.200000E-01    3.167818E+01    3.167818E+01   
 2.300000E-01    4.550004E+01    4.550004E+01   
 2.400000E-01    5.545603E+01    5.545603E+01   
 2.500000E-01    6.014780E+01    6.014780E+01   
 2.600000E-01    5.891641E+01    5.891641E+01   
 2.700000E-01    5.193482E+01    5.193482E+01   
 2.800000E-01    4.018356E+01    4.018356E+01   
 2.900000E-01    2.531306E+01    2.531306E+01   
 3.000000E-01    9.411844E+00    9.411844E+00   
 3.100000E-01   -5.286813E+00   -5.286813E+00   
 3.200000E-01   -1.671853E+01   -1.671853E+01   
 3.300000E-01   -2.327775E+01   -2.327775E+01   
 3.400000E-01   -2.404325E+01   -2.404325E+01   
 3.500000E-01   -1.890753E+01   -1.890753E+01   
 3.600000E-01   -8.591876E+00   -8.591876E+00   
 3.700000E-01    5.454907E+00    5.454907E+00   
 3.800000E-01    2.125999E+01    2.125999E+01   
 3.900000E-01    3.660360E+01    3.660360E+01   
 4.000000E-01    4.933076E+01    4.933076E+01   
 4.100000E-01    5.765399E+01    5.765399E+01   
 4.200000E-01    6.040432E+01    6.040432E+01   
 4.300000E-01    5.719546E+01    5.719546E+01   
 4.400000E-01    4.847810E+01    4.847810E+01   
 4.500000E-01    3.547655E+01    3.547655E+01   
 4.600000E-01    2.001686E+01    2.001686E+01   
 4.700000E-01    4.270282E+00    4.270282E+00   
 4.800000E-01   -9.551618E+00   -9.551618E+00   
 4.900000E-01   -1.950760E+01   -1.950760E+01   
 5.000000E-01   -2.419937E+01   -2.419937E+01   
 5.100000E-01   -2.296798E+01   -2.296798E+01   
 5.200000E-01   -1.598638E+01   -1.598638E+01   
 5.300000E-01   -4.235124E+00   -4.235124E+00   
 5.400000E-01    1.063537E+01    1.063537E+01   
 5.500000E-01    2.653659E+01    2.653659E+01   
 5.600000E-01    4.123525E+01    4.123525E+01   
 5.700000E-01    5.266696E+01    5.266696E+01   
 5.800000E-01    5.922618E+01    5.922618E+01   
 5.900000E-01    5.999169E+01    5.999169E+01   
 6.000000E-01    5.485596E+01    5.485596E+01   
 6.100000E-01    4.454031E+01    4.454031E+01   
 6.200000E-01    3.049353E+01    3.049353E+01   
 6.300000E-01    1.468844E+01    1.468844E+01   
 6.400000E-01   -6.551607E-01   -6.551607E-01   
 6.500000E-01   -1.338233E+01   -1.338233E+01   
 6.600000E-01   -2.170556E+01   -2.170556E+01   
 6.700000E-01   -2.445588E+01   -2.445588E+01   
 6.800000E-01   -2.124702E+01   -2.124702E+01   
 6.900000E-01   -1.252966E+01   -1.252966E+01   
 7.000000E-01    4.718832E-01    4.718832E-01   
 7.100000E-01    1.593158E+01    1.593158E+01   
 7.200000E-01    3.167815E+01    3.167815E+01   
 7.300000E-01    4.550006E+01    4.550006E+01   
 7.400000E-01    5.545603E+01    5.545603E+01   
 7.500000E-01    6.014780E+01    6.014780E+01   
 7.600000E-01    5.891642E+01    5.891642E+01   
 7.700000E-01    5.193482E+01    5.193482E+01   
 7.800000E-01    4.018356E+01    4.018356E+01   
 7.900000E-01    2.531306E+01    2.531306E+01   
 8.000000E-01    9.411849E+00    9.411849E+00   
 8.100000E-01   -5.286807E+00   -5.286807E+00   
 8.200000E-01   -1.671852E+01   -1.671852E+01   
 8.300000E-01   -2.327774E+01   -2.327774E+01   
 8.400000E-01   -2.404325E+01   -2.404325E+01   
 8.500000E-01   -1.890753E+01   -1.890753E+01   
 8.600000E-01   -8.591871E+00   -8.591871E+00   
 8.700000E-01    5.454912E+00    5.454912E+00   
 8.800000E-01    2.126000E+01    2.126000E+01   
 8.900000E-01    3.660360E+01    3.660360E+01   
 9.000000E-01    4.933077E+01    4.933077E+01   
 9.100000E-01    5.765400E+01    5.765400E+01   
 9.200000E-01    6.040432E+01    6.040432E+01   
 9.300000E-01    5.719546E+01    5.719546E+01   
 9.400000E-01    4.847810E+01    4.847810E+01   
 9.500000E-01    3.547656E+01    3.547656E+01   
 9.600000E-01    2.001686E+01    2.001686E+01   
 9.700000E-01    4.270287E+00    4.270287E+00   
 9.800000E-01   -9.551613E+00   -9.551613E+00   
 9.900000E-01   -1.950759E+01   -1.950759E+01   
 1.000000E+00   -2.419936E+01   -2.419936E+01   
 1.010000E+00   -2.296798E+01   -2.296798E+01   
 1.020000E+00   -1.598638E+01   -1.598638E+01   
 1.030000E+00   -4.235119E+00   -4.235119E+00   
 1.040000E+00    1.063538E+01    1.063538E+01   
 1.050000E+00    2.653659E+01    2.653659E+01   
 1.060000E+00    4.123525E+01    4.123525E+01   
 1.070000E+00    5.266696E+01    5.266696E+01   
 1.080000E+00    5.922619E+01    5.922619E+01   
 1.090000E+00    5.999169E+01    5.999169E+01   
 1.100000E+00    5.485597E+01    5.485597E+01   
 1.110000E+00    4.454031E+01    4.454031E+01   
 1.120000E+00    3.049353E+01    3.049353E+01   
 1.130000E+00    1.468845E+01    1.468845E+01   
 1.140000E+00   -6.551563E-01   -6.551563E-01   
 1.150000E+00   -1.338232E+01   -1.338232E+01   
 1.160000E+00   -2.170555E+01   -2.170555E+01   
 1.170000E+00   -2.445588E+01   -2.445588E+01   
 1.180000E+00   -2.124702E+01   -2.124702E+01   
 1.190000E+00   -1.252966E+01   -1.252966E+01   
 1.200000E+00    4.718874E-01    4.718874E-01   
 1.210000E+00    1.593158E+01    1.593158E+01   
 1.220000E+00    3.167816E+01    3.167816E+01   
 1.230000E+00    4.550006E+01    4.550006E+01   
 1.240000E+00    5.545604E+01    5.545604E+01   
 1.250000E+00    6.014781E+01    6.014781E+01   
 1.260000E+00    5.891642E+01    5.891642E+01   
 1.270000E+00    5.193483E+01    5.193483E+01   
 1.280000E+00    4.018357E+01    4.018357E+01   
 1.290000E+00    2.531307E+01    2.531307E+01   
 1.300000E+00    9.411853E+00    9.411853E+00   
 1.310000E+00   -5.286803E+00   -5.286803E+00   
 1.320000E+00   -1.671852E+01   -1.671852E+01   
 1.330000E+00   -2.327774E+01   -2.327774E+01   
 1.340000E+00   -2.404324E+01   -2.404324E+01   
 1.350000E+00   -1.890752E+01   -1.890752E+01   
 1.360000E+00   -8.591867E+00   -8.591867E+00   
 1.370000E+00    5.454916E+00    5.454916E+00   
 1.380000E+00    2.126000E+01    2.126000E+01   
 1.390000E+00    3.660360E+01    3.660360E+01   
 1.400000E+00    4.933077E+01    4.933077E+01   
 1.410000E+00    5.765400E+01    5.765400E+01   
 1.420000E+00    6.040433E+01    6.040433E+01   
 1.430000E+00    5.719547E+01    5.719547E+01   
 1.440000E+00    4.847810E+01    4.847810E+01   
 1.450000E+00    3.547656E+01    3.547656E+01   
 1.460000E+00    2.001687E+01    2.001687E+01   
 1.470000E+00    4.270290E+00    4.270290E+00   
 1.480000E+00   -9.551610E+00   -9.551610E+00   
 1.490000E+00   -1.950759E+01   -1.950759E+01   
 1.500000E+00   -2.419936E+01   -2.419936E+01   
 1.510000E+00   -2.296797E+01   -2.296797E+01   
 1.520000E+00   -1.598638E+01   -1.598638E+01   
 1.530000E+00   -4.235116E+00   -4.235116E+00   
 1.540000E+00    1.063538E+01    1.063538E+01   
 1.550000E+00    2.653660E+01    2.653660E+01   
 1.560000E+00    4.123525E+01    4.123525E+01   
 1.570000E+00    5.266697E+01    5.266697E+01   
 1.580000E+00    5.922619E+01    5.922619E+01   
 1.590000E+00    5.999170E+01    5.999170E+01   
 1.600000E+00    5.485597E+01    5.485597E+01   
 1.610000E+00    4.454032E+01    4.454032E+01   
 1.620000E+00    3.049354E+01    3.049354E+01   
 1.630000E+00    1.468845E+01    1.468845E+01   
 1.640000E+00   -6.551532E-01   -6.551532E-01   
 1.650000E+00   -1.338232E+01   -1.338232E+01   
 1.660000E+00   -2.170555E+01   -2.170555E+01   
 1.670000E+00   -2.445587E+01   -2.445587E+01   
 1.680000E+00   -2.124702E+01   -2.124702E+01   
 1.690000E+00   -1.252965E+01   -1.252965E+01   
 1.700000E+00    4.718905E-01    4.718905E-01   
 1.710000E+00    1.593158E+01    1.593158E+01   
 1.720000E+00    3.167816E+01    3.167816E+01   
 1.730000E+00    4.550006E+01    4.550006E+01   
 1.740000E+00    5.545604E+01    5.545604E+01   
 1.750000E+00    6.014781E+01    6.014781E+01   
 1.760000E+00    5.891642E+01    5.891642E+01   
 1.770000E+00    5.193483E+01    5.193483E+01   
 1.780000E+00    4.018357E+01    4.018357E+01   
 1.790000E+00    2.531307E+01    2.531307E+01   
 1.800000E+00    9.411856E+00    9.411856E+00   
 1.810000E+00   -5.286800E+00   -5.286800E+00   
 1.820000E+00   -1.671851E+01   -1.671851E+01   
 1.830000E+00   -2.327774E+01   -2.327774E+01   
 1.840000E+00   -2.404324E+01   -2.404324E+01   
 1.850000E+00   -1.890752E+01   -1.890752E+01   
 1.860000E+00   -8.591864E+00   -8.591864E+00   
 1.870000E+00    5.454919E+00    5.454919E+00   
 1.880000E+00    2.126000E+01    2.126000E+01   
 1.890000E+00    3.660361E+01    3.660361E+01   
 1.900000E+00    4.933077E+01    4.933077E+01   
 1.910000E+00    5.765400E+01    5.765400E+01   
 1.920000E+00    6.040433E+01    6.040433E+01   
 1.930000E+00    5.719547E+01    5.719547E+01   
 1.940000E+00    4.847811E+01    4.847811E+01   
 1.950000E+00    3.547656E+01    3.547656E+01   
 1.960000E+00    2.001687E+01    2.001687E+01   
 1.970000E+00    4.270293E+00    4.270293E+00   
 1.980000E+00   -9.551607E+00   -9.551607E+00   
 1.990000E+00   -1.950759E+01   -1.950759E+01   
 2.000000E+00   -2.419935E+01   -2.419935E+01   
 2.010000E+00   -2.296797E+01   -2.296797E+01   
 2.020000E+00   -1.598637E+01   -1.598637E+01   
 2.030000E+00   -4.235113E+00   -4.235113E+00   
 2.040000E+00    1.063538E+01    1.063538E+01   
 2.050000E+00    2.653660E+01    2.653660E+01   
 2.060000E+00    4.123526E+01    4.123526E+01   
 2.070000E+00    5.266697E+01    5.266697E+01   
 2.080000E+00    5.922619E+01    5.922619E+01   
 2.090000E+00    5.999170E+01    5.999170E+01   
 2.100000E+00    5.485597E+01    5.485597E+01   
 2.110000E+00    4.454032E+01    4.454032E+01   
 2.120000E+00    3.049354E+01    3.049354E+01   
 2.130000E+00    1.468845E+01    1.468845E+01   
 2.140000E+00   -6.551509E-01   -6.551509E-01   
 2.150000E+00   -1.338232E+01   -1.338232E+01   
 2.160000E+00   -2.170555E+01   -2.170555E+01   
 2.170000E+00   -2.445587E+01   -2.445587E+01   
 2.180000E+00   -2.124701E+01   -2.124701E+01   
 2.190000E+00   -1.252965E+01   -1.252965E+01   
 2.200000E+00    4.718927E-01    4.718927E-01   
 2.210000E+00    1.593159E+01    1.593159E+01   
 2.220000E+00    3.167816E+01    3.167816E+01   
 2.230000E+00    4.550006E+01    4.550006E+01   
 2.240000E+00    5.545604E+01    5.545604E+01   
 2.250000E+00    6.014781E+01    6.014781E+01   
 2.260000E+00    5.891643E+01    5.891643E+01   
 2.270000E+00    5.193483E+01    5.193483E+01   
 2.280000E+00    4.018357E+01    4.018357E+01   
 2.290000E+00    2.531307E+01    2.531307E+01   
 2.300000E+00    9.411858E+00    9.411858E+00   
 2.310000E+00   -5.286798E+00   -5.286798E+00   
 2.320000E+00   -1.671851E+01   -1.671851E+01   
 2.330000E+00   -2.327773E+01   -2.327773E+01   
 2.340000E+00   -2.404324E+01   -2.404324E+01   
 2.350000E+00   -1.890752E+01   -1.890752E+01   
 2.360000E+00   -8.591862E+00   -8.591862E+00   
 2.370000E+00    5.454921E+00    5.454921E+00   
 2.380000E+00    2.126000E+01    2.126000E+01   
 2.390000E+00    3.660361E+01    3.660361E+01   
 2.400000E+00    4.933077E+01    4.933077E+01   
 2.410000E+00    5.765401E+01    5.765401E+01   
 2.420000E+00    6.040433E+01    6.040433E+01   
 2.430000E+00    5.719547E+01    5.719547E+01   
 2.440000E+00    4.847811E+01    4.847811E+01   
 2.450000E+00    3.547657E+01    3.547657E+01   
 2.460000E+00    2.001687E+01    2.001687E+01   
 2.470000E+00    4.270295E+00    4.270295E+00   
 2.480000E+00   -9.551605E+00   -9.551605E+00   
 2.490000E+00   -1.950758E+01   -1.950758E+01   
 2.500000E+00   -2.419935E+01   -2.419935E+01   
 2.510000E+00   -2.296797E+01   -2.296797E+01   
 2.520000E+00   -1.598637E+01   -1.598637E+01   
 2.530000E+00   -4.235111E+00   -4.235111E+00   
 2.540000E+00    1.063539E+01    1.063539E+01   
 2.550000E+00    2.653660E+01    2.653660E+01   
 2.560000E+00    4.123526E+01    4.123526E+01   
 2.570000E+00    5.266697E+01    5.266697E+01   
 2.580000E+00    5.922619E+01    5.922619E+01   
 2.590000E+00    5.999170E+01    5.999170E+01   
 2.600000E+00    5.485598E+01    5.485598E+01   
 2.610000E+00    4.454032E+01    4.454032E+01   
 2.620000E+00    3.049354E+01    3.049354E+01   
 2.630000E+00    1.468846E+01    1.468846E+01   
 2.640000E+00   -6.551492E-01   -6.551492E-01   
 2.650000E+00   -1.338231E+01   -1.338231E+01   
 2.660000E+00   -2.170554E+01   -2.170554E+01   
 2.670000E+00   -2.445587E+01   -2.445587E+01   
 2.680000E+00   -2.124701E+01   -2.124701E+01   
 2.690000E+00   -1.252965E+01   -1.252965E+01   
 2.700000E+00    4.718943E-01    4.718943E-01   
 2.710000E+00    1.593159E+01    1.593159E+01   
 2.720000E+00    3.167817E+01    3.167817E+01   
 2.730000E+00    4.550007E+01    4.550007E+01   
 2.740000E+00    5.545604E+01    5.545604E+01   
 2.750000E+00    6.014781E+01    6.014781E+01   
 2.760000E+00    5.891643E+01    5.891643E+01   
 2.770000E+00    5.193483E+01    5.193483E+01   
 2.780000E+00    4.018357E+01    4.018357E+01   
 2.790000E+00    2.531308E+01    2.531308E+01   
 2.800000E+00    9.411859E+00    9.411859E+00   
 2.810000E+00   -5.286797E+00   -5.286797E+00   
 2.820000E+00   -1.671851E+01   -1.671851E+01   
 2.830000E+00   -2.327773E+01   -2.327773E+01   
 2.840000E+00   -2.404324E+01   -2.404324E+01   
 2.850000E+00   -1.890752E+01   -1.890752E+01   
 2.860000E+00   -8.591861E+00   -8.591861E+00   
 2.870000E+00    5.454922E+00    5.454922E+00   
 2.880000E+00    2.126000E+01    2.126000E+01   
 2.890000E+00    3.660361E+01    3.660361E+01   
 2.900000E+00    4.933078E+01    4.933078E+01   
 2.910000E+00    5.765401E+01    5.765401E+01   
 2.920000E+00    6.040433E+01    6.040433E+01   
 2.930000E+00    5.719547E+01    5.719547E+01   
 2.940000E+00    4.847811E+01    4.847811E+01   
 2.950000E+00    3.547657E+01    3.547657E+01   
 2.960000E+00    2.001687E+01    2.001687E+01   
 2.970000E+00    4.270296E+00    4.270296E+00   
 2.980000E+00   -9.551604E+00   -9.551604E+00   
 2.990000E+00   -1.950758E+01   -1.950758E+01   
 3.000000E+00   -2.419935E+01   -2.419935E+01   
 3.010000E+00   -2.296797E+01   -2.296797E+01   
 3.020000E+00   -1.598637E+01   -1.598637E+01   
 3.030000E+00   -4.235110E+00   -4.235110E+00   
 3.040000E+00    1.063539E+01    1.063539E+01   
 3.050000E+00    2.653660E+01    2.653660E+01   
 3.060000E+00    4.123526E+01    4.123526E+01   
 3.070000E+00    5.266697E+01    5.266697E+01   
 3.080000E+00    5.922619E+01    5.922619E+01   
 3.090000E+00    5.999170E+01    5.999170E+01   
 3.100000E+00    5.485598E+01    5.485598E+01   
 3.110000E+00    4.454032E+01    4.454032E+01   
 3.120000E+00    3.049354E+01    3.049354E+01   
 3.130000E+00    1.468846E+01    1.468846E+01   
 3.140000E+00   -6.551480E-01   -6.551480E-01   
 3.150000E+00   -1.338231E+01   -1.338231E+01   
 3.160000E+00   -2.170554E+01   -2.170554E+01   
 3.170000E+00   -2.445587E+01   -2.445587E+01   
 3.180000E+00   -2.124701E+01   -2.124701E+01   
 3.190000E+00   -1.252965E+01   -1.252965E+01   
 3.200000E+00    4.718955E-01    4.718955E-01   
 3.210000E+00    1.593159E+01    1.593159E+01   
 3.220000E+00    3.167817E+01    3.167817E+01   
 3.230000E+00    4.550007E+01    4.550007E+01   
 3.240000E+00    5.545605E+01    5.545605E+01   
 3.250000E+00    6.014781E+01    6.014781E+01   
 3.260000E+00    5.891643E+01    5.891643E+01   
 3.270000E+00    5.193483E+01    5.193483E+01   
 3.280000E+00    4.018357E+01    4.018357E+01   
 3.290000E+00    2.531308E+01    2.531308E+01   
 3.300000E+00    9.411860E+00    9.411860E+00   
 3.310000E+00   -5.286796E+00   -5.286796E+00   
 3.320000E+00   -1.671851E+01   -1.671851E+01   
 3.330000E+00   -2.327773E+01   -2.327773E+01   
 3.340000E+00   -2.404324E+01   -2.404324E+01   
 3.350000E+00   -1.890751E+01   -1.890751E+01   
 3.360000E+00   -8.591860E+00   -8.591860E+00   
 3.370000E+00    5.454923E+00    5.454923E+00   
 3.380000E+00    2.126001E+01    2.126001E+01   
 3.390000E+00    3.660361E+01    3.660361E+01   
 3.400000E+00    4.933078E+01    4.933078E+01   
 3.410000E+00    5.765401E+01    5.765401E+01   
 3.420000E+00    6.040433E+01    6.040433E+01   
 3.430000E+00    5.719548E+01    5.719548E+01   
 3.440000E+00    4.847811E+01    4.847811E+01   
 3.450000E+00    3.547657E+01    3.547657E+01   
 3.460000E+00    2.001687E+01    2.001687E+01   
 3.470000E+00    4.270297E+00    4.270297E+00   
 3.480000E+00   -9.551603E+00   -9.551603E+00   
 3.490000E+00   -1.950758E+01   -1.950758E+01   
 3.500000E+00   -2.419935E+01   -2.419935E+01   
 3.510000E+00   -2.296797E+01   -2.296797E+01   
 3.520000E+00   -1.598637E+01   -1.598637E+01   
 3.530000E+00   -4.235109E+00   -4.235109E+00   
 3.540000E+00    1.063539E+01    1.063539E+01   
 3.550000E+00    2.653660E+01    2.653660E+01   
 3.560000E+00    4.123526E+01    4.123526E+01   
 3.570000E+00    5.266697E+01    5.266697E+01   
 3.580000E+00    5.922620E+01    5.922620E+01   
 3.590000E+00    5.999170E+01    5.999170E+01   
 3.600000E+00    5.485598E+01    5.485598E+01   
 3.610000E+00    4.454032E+01    4.454032E+01   
 3.620000E+00    3.049354E+01    3.049354E+01   
 3.630000E+00    1.468846E+01    1.468846E+01   
 3.640000E+00   -6.551471E-01   -6.551471E-01   
 3.650000E+00   -1.338231E+01   -1.338231E+01   
 3.660000E+00   -2.170554E+01   -2.170554E+01   
 3.670000E+00   -2.445587E+01   -2.445587E+01   
 3.680000E+00   -2.124701E+01   -2.124701E+01   
 3.690000E+00   -1.252965E+01   -1.252965E+01   
 3.700000E+00    4.718963E-01    4.718963E-01   
 3.710000E+00    1.593159E+01    1.593159E+01   
 3.720000E+00    3.167817E+01    3.167817E+01   
 3.730000E+00    4.550007E+01    4.550007E+01   
 3.740000E+00    5.545605E+01    5.545605E+01   
 3.750000E+00    6.014782E+01    6.014782E+01   
 3.760000E+00    5.891643E+01    5.891643E+01   
 3.770000E+00    5.193483E+01    5.193483E+01   
 3.780000E+00    4.018357E+01    4.018357E+01   
 3.790000E+00    2.531308E+01    2.531308E+01   
 3.800000E+00    9.411861E+00    9.411861E+00   
 3.810000E+00   -5.286795E+00   -5.286795E+00   
 3.820000E+00   -1.671851E+01   -1.671851E+01   
 3.830000E+00   -2.327773E+01   -2.327773E+01   
 3.840000E+00   -2.404324E+01   -2.404324E+01   
 3.850000E+00   -1.890751E+01   -1.890751E+01   
 3.860000E+00   -8.591859E+00   -8.591859E+00   
 3.870000E+00    5.454924E+00    5.454924E+00   
 3.880000E+00    2.126001E+01    2.126001E+01   
 3.890000E+00    3.660361E+01    3.660361E+01   
 3.900000E+00    4.933078E+01    4.933078E+01   
 3.910000E+00    5.765401E+01    5.765401E+01   
 3.920000E+00    6.040433E+01    6.040433E+01   
 3.930000E+00    5.719548E+01    5.719548E+01   
 3.940000E+00    4.847811E+01    4.847811E+01   
 3.950000E+00    3.547657E+01    3.547657E+01   
 3.960000E+00    2.001687E+01    2.001687E+01   
 3.970000E+00    4.270298E+00    4.270298E+00   
 3.980000E+00   -9.551602E+00   -9.551602E+00   
 3.990000E+00   -1.950758E+01   -1.950758E+01   
 4.000000E+00   -2.419935E+01   -2.419935E+01   
 4.010000E+00   -2.296796E+01   -2.296796E+01   
 4.020000E+00   -1.598637E+01   -1.598637E+01   
 4.030000E+00   -4.235108E+00   -4.235108E+00   
 4.040000E+00    1.063539E+01    1.063539E+01   
 4.050000E+00    2.653660E+01    2.653660E+01   
 4.060000E+00    4.123526E+01    4.123526E+01   
 4.070000E+00    5.266697E+01    5.266697E+01   
 4.080000E+00    5.922620E+01    5.922620E+01   
 4.090000E+00    5.999170E+01    5.999170E+01   
 4.100000E+00    5.485598E+01    5.485598E+01   
 4.110000E+00    4.454032E+01    4.454032E+01   
 4.120000E+00    3.049354E+01    3.049354E+01   
 4.130000E+00    1.468846E+01    1.468846E+01   
 4.140000E+00   -6.551465E-01   -6.551465E-01   
 4.150000E+00   -1.338231E+01   -1.338231E+01   
 4.160000E+00   -2.170554E+01   -2.170554E+01   
 4.170000E+00   -2.445587E+01   -2.445587E+01   
 4.180000E+00   -2.124701E+01   -2.124701E+01   
 4.190000E+00   -1.252965E+01   -1.252965E+01   
 4.200000E+00    4.718969E-01    4.718969E-01   
 4.210000E+00    1.593159E+01    1.593159E+01   
 4.220000E+00    3.167817E+01    3.167817E+01   
 4.230000E+00    4.550007E+01    4.550007E+01   
 4.240000E+00    5.545605E+01    5.545605E+01   
 4.250000E+00    6.014782E+01    6.014782E+01   
 4.260000E+00    5.891643E+01    5.891643E+01   
 4.270000E+00    5.193484E+01    5.193484E+01   
 4.280000E+00    4.018357E+01    4.018357E+01   
 4.290000E+00    2.531308E+01    2.531308E+01   
 4.300000E+00    9.411862E+00    9.411862E+00   
 4.310000E+00   -5.286794E+00   -5.286794E+00   
 4.320000E+00   -1.671851E+01   -1.671851E+01   
 4.330000E+00   -2.327773E+01   -2.327773E+01   
 4.340000E+00   -2.404324E+01   -2.404324E+01   
 4.350000E+00   -1.890751E+01   -1.890751E+01   
 4.360000E+00   -8.591859E+00   -8.591859E+00   
 4.370000E+00    5.454924E+00    5.454924E+00   
 4.380000E+00    2.126001E+01    2.126001E+01   
 4.390000E+00    3.660361E+01    3.660361E+01   
 4.400000E+00    4.933078E+01    4.933078E+01   
 4.410000E+00    5.765401E+01    5.765401E+01   
 4.420000E+00    6.040433E+01    6.040433E+01   
 4.430000E+00    5.719548E+01    5.719548E+01   
 4.440000E+00    4.847811E+01    4.847811E+01   
 4.450000E+00    3.547657E+01    3.547657E+01   
 4.460000E+00    2.001688E+01    2.001688E+01   
 4.470000E+00    4.270298E+00    4.270298E+00   
 4.480000E+00   -9.551602E+00   -9.551602E+00   
 4.490000E+00   -1.950758E+01   -1.950758E+01   
 4.500000E+00   -2.419935E+01   -2.419935E+01   
 4.510000E+00   -2.296796E+01   -2.296796E+01   
 4.520000E+00   -1.598637E+01   -1.598637E+01   
 4.530000E+00   -4.235108E+00   -4.235108E+00   
 4.540000E+00    1.063539E+01    1.063539E+01   
 4.550000E+00    2.653660E+01    2.653660E+01   
 4.560000E+00    4.123526E+01    4.123526E+01   
 4.570000E+00    5.266698E+01    5.266698E+01   
 4.580000E+00    5.922620E+01    5.922620E+01   
 4.590000E+00    5.999170E+01    5.999170E+01   
 4.600000E+00    5.485598E+01    5.485598E+01   
 4.610000E+00    4.454033E+01    4.454033E+01   
 4.620000E+00    3.049354E+01    3.049354E+01   
 4.630000E+00    1.468846E+01    1.468846E+01   
 4.640000E+00   -6.551460E-01   -6.551460E-01   
 4.650000E+00   -1.338231E+01   -1.338231E+01   
 4.660000E+00   -2.170554E+01   -2.170554E+01   
 4.670000E+00   -2.445587E+01   -2.445587E+01   
 4.680000E+00   -2.124701E+01   -2.124701E+01   
 4.690000E+00   -1.252965E+01   -1.252965E+01   
 4.700000E+00    4.718974E-01    4.718974E-01   
 4.710000E+00    1.593159E+01    1.593159E+01   
 4.720000E+00    3.167817E+01    3.167817E+01   
 4.730000E+00    4.550007E+01    4.550007E+01   
 4.740000E+00    5.545605E+01    5.545605E+01   
 4.750000E+00    6.014782E+01    6.014782E+01   
 4.760000E+00    5.891643E+01    5.891643E+01   
 4.770000E+00    5.193484E+01    5.193484E+01   
 4.780000E+00    4.018357E+01    4.018357E+01   
 4.790000E+00    2.531308E+01    2.531308E+01   
 4.800000E+00    9.411862E+00    9.411862E+00   
 4.810000E+00   -5.286794E+00   -5.286794E+00   
 4.820000E+00   -1.671851E+01   -1.671851E+01   
 4.830000E+00   -2.327773E+01   -2.327773E+01   
 4.840000E+00   -2.404324E+01   -2.404324E+01   
 4.850000E+00   -1.890751E+01   -1.890751E+01   
 4.860000E+00   -8.591858E+00   -8.591858E+00   
 4.870000E+00    5.454925E+00    5.454925E+00   
 4.880000E+00    2.126001E+01    2.126001E+01   
 4.890000E+00    3.660361E+01    3.660361E+01   
 4.900000E+00    4.933078E+01    4.933078E+01   
 4.910000E+00    5.765401E+01    5.765401E+01   
 4.920000E+00    6.040433E+01    6.040433E+01   
 4.930000E+00    5.719548E+01    5.719548E+01   
 4.940000E+00    4.847811E+01    4.847811E+01   
 4.950000E+00    3.547657E+01    3.547657E+01   
 4.960000E+00    2.001688E+01    2.001688E+01   
 4.970000E+00    4.270299E+00    4.270299E+00   
 4.980000E+00   -9.551602E+00   -9.551602E+00   
 4.990000E+00   -1.950758E+01   -1.950758E+01   
 5.000000E+00   -2.419935E+01   -2.419935E+01   
 5.010000E+00   -2.296796E+01   -2.296796E+01   
 5.020000E+00   -1.598637E+01   -1.598637E+01   
 5.030000E+00   -4.235108E+00   -4.235108E+00   
 5.040000E+00    1.063539E+01    1.063539E+01   
 5.050000E+00    2.653661E+01    2.653661E+01   
 5.060000E+00    4.123526E+01    4.123526E+01   
 5.070000E+00    5.266698E+01    5.266698E+01   
 5.080000E+00    5.922620E+01    5.922620E+01   
 5.090000E+00    5.999170E+01    5.999170E+01   
 5.100000E+00    5.485598E+01    5.485598E+01   
 5.110000E+00    4.454033E+01    4.454033E+01   
 5.120000E+00    3.049354E+01    3.049354E+01   
 5.130000E+00    1.468846E+01    1.468846E+01   
 5.140000E+00   -6.551457E-01   -6.551457E-01   
 5.150000E+00   -1.338231E+01   -1.338231E+01   
 5.160000E+00   -2.170554E+01   -2.170554E+01   
 5.170000E+00   -2.445587E+01   -2.445587E+01   
 5.180000E+00   -2.124701E+01   -2.124701E+01   
 5.190000E+00   -1.252965E+01   -1.252965E+01   
 5.200000E+00    4.718977E-01    4.718977E-01   
 5.210000E+00    1.593159E+01    1.593159E+01   
 5.220000E+00    3.167817E+01    3.167817E+01   
 5.230000E+00    4.550007E+01    4.550007E+01   
 5.240000E+00    5.545605E+01    5.545605E+01   
 5.250000E+00    6.014782E+01    6.014782E+01   
 5.260000E+00    5.891643E+01    5.891643E+01   
 5.270000E+00    5.193484E+01    5.193484E+01   
 5.280000E+00    4.018358E+01    4.018358E+01   
 5.290000E+00    2.531308E+01    2.531308E+01   
 5.300000E+00    9.411863E+00    9.411863E+00   
 5.310000E+00   -5.286794E+00   -5.286794E+00   
 5.320000E+00   -1.671851E+01   -1.671851E+01   
 5.330000E+00   -2.327773E+01   -2.327773E+01   
 5.340000E+00   -2.404324E+01   -2.404324E+01   
 5.350000E+00   -1.890751E+01   -1.890751E+01   
 5.360000E+00   -8.591858E+00   -8.591858E+00   
 5.370000E+00    5.454925E+00    5.454925E+00   
 5.380000E+00    2.126001E+01    2.126001E+01   
 5.390000E+00    3.660361E+01    3.660361E+01   
 5.400000E+00    4.933078E+01    4.933078E+01   
 5.410000E+00    5.765401E+01    5.765401E+01   
 5.420000E+00    6.040433E+01    6.040433E+01   
 5.430000E+00    5.719548E+01    5.719548E+01   
 5.440000E+00    4.847811E+01    4.847811E+01   
 5.450000E+00    3.547657E+01    3.547657E+01   
 5.460000E+00    2.001688E+01    2.001688E+01   
 5.470000E+00    4.270299E+00    4.270299E+00   
 5.480000E+00   -9.551601E+00   -9.551601E+00   
 5.490000E+00   -1.950758E+01   -1.950758E+01   
 5.500000E+00   -2.419935E+01   -2.419935E+01   
 5.510000E+00   -2.296796E+01   -2.296796E+01   
 5.520000E+00   -1.598637E+01   -1.598637E+01   
 5.530000E+00   -4.235107E+00   -4.235107E+00   
 5.540000E+00    1.063539E+01    1.063539E+01   
 5.550000E+00    2.653661E+01    2.653661E+01   
 5.560000E+00    4.123526E+01    4.123526E+01   
 5.570000E+00    5.266698E+01    5.266698E+01   
 5.580000E+00    5.922620E+01    5.922620E+01   
 5.590000E+00    5.999170E+01    5.999170E+01   
 5.600000E+00    5.485598E+01    5.485598E+01   
 5.610000E+00    4.454033E+01    4.454033E+01   
 5.620000E+00    3.049354E+01    3.049354E+01   
 5.630000E+00    1.468846E+01    1.468846E+01   
 5.640000E+00   -6.551455E-01   -6.551455E-01   
 5.650000E+00   -1.338231E+01   -1.338231E+01   
 5.660000E+00   -2.170554E+01   -2.170554E+01   
 5.670000E+00   -2.445587E+01   -2.445587E+01   
 5.680000E+00   -2.124701E+01   -2.124701E+01   
 5.690000E+00   -1.252965E+01   -1.252965E+01   
 5.700000E+00    4.718979E-01    4.718979E-01   
 5.710000E+00    1.593159E+01    1.593159E+01   
 5.720000E+00    3.167817E+01    3.167817E+01   
 5.730000E+00    4.550007E+01    4.550007E+01   
 5.740000E+00    5.545605E+01    5.545605E+01   
 5.750000E+00    6.014782E+01    6.014782E+01   
 5.760000E+00    5.891643E+01    5.891643E+01   
 5.770000E+00    5.193484E+01    5.193484E+01   
 5.780000E+00    4.018358E+01    4.018358E+01   
 5.790000E+00    2.531308E+01    2.531308E+01   
 5.800000E+00    9.411863E+00    9.411863E+00   
 5.810000E+00   -5.286793E+00   -5.286793E+00   
 5.820000E+00   -1.671851E+01   -1.671851E+01   
 5.830000E+00   -2.327773E+01   -2.327773E+01   
 5.840000E+00   -2.404323E+01   -2.404323E+01   
 5.850000E+00   -1.890751E+01   -1.890751E+01   
 5.860000E+00   -8.591858E+00   -8.591858E+00   
 5.870000E+00    5.454925E+00    5.454925E+00   
 5.880000E+00    2.126001E+01    2.126001E+01   
 5.890000E+00    3.660361E+01    3.660361E+01   
 5.900000E+00    4.933078E+01    4.933078E+01   
 5.910000E+00    5.765401E+01    5.765401E+01   
 5.920000E+00    6.040433E+01    6.040433E+01   
 5.930000E+00    5.719548E+01    5.719548E+01   
 5.940000E+00    4.847811E+01    4.847811E+01   
 5.950000E+00    3.547657E+01    3.547657E+01   
 5.960000E+00    2.001688E+01    2.001688E+01   
 5.970000E+00    4.270299E+00    4.270299E+00   
 5.980000E+00   -9.551601E+00   -9.551601E+00   
 5.990000E+00   -1.950758E+01   -1.950758E+01   
 6.000000E+00   -2.419935E+01   -2.419935E+01   
 6.010000E+00   -2.296796E+01   -2.296796E+01   
 6.020000E+00   -1.598637E+01   -1.598637E+01   
 6.030000E+00   -4.235107E+00   -4.235107E+00   
 6.040000E+00    1.063539E+01    1.063539E+01   
 6.050000E+00    2.653661E+01    2.653661E+01   
 6.060000E+00    4.123526E+01    4.123526E+01   
 6.070000E+00    5.266698E+01    5.266698E+01   
 6.080000E+00    5.922620E+01    5.922620E+01   
 6.090000E+00    5.999170E+01    5.999170E+01   
 6.100000E+00    5.485598E+01    5.485598E+01   
 6.110000E+00    4.454033E+01    4.454033E+01   
 6.120000E+00    3.049354E+01    3.049354E+01   
 6.130000E+00    1.468846E+01    1.468846E+01   
 6.140000E+00   -6.551453E-01   -6.551453E-01   
 6.150000E+00   -1.338231E+01   -1.338231E+01   
 6.160000E+00   -2.170554E+01   -2.170554E+01   
 6.170000E+00   -2.445587E+01   -2.445587E+01   
 6.180000E+00   -2.124701E+01   -2.124701E+01   
 6.190000E+00   -1.252964E+01   -1.252964E+01   
 6.200000E+00    4.718981E-01    4.718981E-01   
 6.210000E+00    1.593159E+01    1.593159E+01   
 6.220000E+00    3.167817E+01    3.167817E+01   
 6.230000E+00    4.550007E+01    4.550007E+01   
 6.240000E+00    5.545605E+01    5.545605E+01   
 6.250000E+00    6.014782E+01    6.014782E+01   
 6.260000E+00    5.891643E+01    5.891643E+01   
 6.270000E+00    5.193484E+01    5.193484E+01   
 6.280000E+00    4.018358E+01    4.018358E+01   
 6.290000E+00    2.531308E+01    2.531308E+01   
 6.300000E+00    9.411863E+00    9.411863E+00   
 6.310000E+00   -5.286793E+00   -5.286793E+00   
 6.320000E+00   -1.671851E+01   -1.671851E+01   
 6.330000E+00   -2.327773E+01   -2.327773E+01   
 6.340000E+00   -2.404323E+01   -2.404323E+01   
 6.350000E+00   -1.890751E+01   -1.890751E+01   
 6.360000E+00   -8.591858E+00   -8.591858E+00   
 6.370000E+00    5.454926E+00    5.454926E+00   
 6.380000E+00    2.126001E+01    2.126001E+01   
 6.390000E+00    3.660361E+01    3.660361E+01   
 6.400000E+00    4.933078E+01    4.933078E+01   
 6.410000E+00    5.765401E+01    5.765401E+01   
 6.420000E+00    6.040433E+01    6.040433E+01   
 6.430000E+00    5.719548E+01    5.719548E+01   
 6.440000E+00    4.847811E+01    4.847811E+01   
 6.450000E+00    3.547657E+01    3.547657E+01   
 6.460000E+00    2.001688E+01    2.001688E+01   
 6.470000E+00    4.270299E+00    4.270299E+00   
 6.480000E+00   -9.551601E+00   -9.551601E+00   
 6.490000E+00   -1.950758E+01   -1.950758E+01   
 6.500000E+00   -2.419935E+01   -2.419935E+01   
 6.510000E+00   -2.296796E+01   -2.296796E+01   
 6.520000E+00   -1.598637E+01   -1.598637E+01   
 6.530000E+00   -4.235107E+00   -4.235107E+00   
 6.540000E+00    1.063539E+01    1.063539E+01   
 6.550000E+00    2.653661E+01    2.653661E+01   
 6.560000E+00    4.123526E+01    4.123526E+01   
 6.570000E+00    5.266698E+01    5.266698E+01   
 6.580000E+00    5.922620E+01    5.922620E+01   
 6.590000E+00    5.999170E+01    5.999170E+01   
 6.600000E+00    5.485598E+01    5.485598E+01   
 6.610000E+00    4.454033E+01    4.454033E+01   
 6.620000E+00    3.049354E+01    3.049354E+01   
 6.630000E+00    1.468846E+01    1.468846E+01   
 6.640000E+00   -6.551452E-01   -6.551452E-01   
 6.650000E+00   -1.338231E+01   -1.338231E+01   
 6.660000E+00   -2.170554E+01   -2.170554E+01   
 6.670000E+00   -2.445587E+01   -2.445587E+01   
 6.680000E+00   -2.124701E+01   -2.124701E+01   
 6.690000E+00   -1.252964E+01   -1.252964E+01   
 6.700000E+00    4.718982E-01    4.718982E-01   
 6.710000E+00    1.593159E+01    1.593159E+01   
 6.720000E+00    3.167817E+01    3.167817E+01   
 6.730000E+00    4.550007E+01    4.550007E+01   
 6.740000E+00    5.545605E+01    5.545605E+01   
 6.750000E+00    6.014782E+01    6.014782E+01   
 6.760000E+00    5.891643E+01    5.891643E+01   
 6.770000E+00    5.193484E+01    5.193484E+01   
 6.780000E+00    4.018358E+01    4.018358E+01   
 6.790000E+00    2.531308E+01    2.531308E+01   
 6.800000E+00    9.411863E+00    9.411863E+00   
 6.810000E+00   -5.286793E+00   -5.286793E+00   
 6.820000E+00   -1.671851E+01   -1.671851E+01   
 6.830000E+00   -2.327773E+01   -2.327773E+01   
 6.840000E+00   -2.404323E+01   -2.404323E+01   
 6.850000E+00   -1.890751E+01   -1.890751E+01   
 6.860000E+00   -8.591857E+00   -8.591857E+00   
 6.870000E+00    5.454926E+00    5.454926E+00   
 6.880000E+00    2.126001E+01    2.126001E+01   
 6.890000E+00    3.660361E+01    3.660361E+01   
 6.900000E+00    4.933078E+01    4.933078E+01   
 6.910000E+00    5.765401E+01    5.765401E+01   
 6.920000E+00    6.040433E+01    6.040433E+01   
 6.930000E+00    5.719548E+01    5.719548E+01   
 6.940000E+00    4.847811E+01    4.847811E+01   
 6.950000E+00    3.547657E+01    3.547657E+01   
 6.960000E+00    2.001688E+01    2.001688E+01   
 6.970000E+00    4.270299E+00    4.270299E+00   
 6.980000E+00   -9.551601E+00   -9.551601E+00   
 6.990000E+00   -1.950758E+01   -1.950758E+01   
 7.000000E+00   -2.419935E+01   -2.419935E+01   
 7.010000E+00   -2.296796E+01   -2.296796E+01   
 7.020000E+00   -1.598637E+01   -1.598637E+01   
 7.030000E+00   -4.235107E+00   -4.235107E+00   
 7.040000E+00    1.063539E+01    1.063539E+01   
 7.050000E+00    2.653661E+01    2.653661E+01   
 7.060000E+00    4.123526E+01    4.123526E+01   
 7.070000E+00    5.266698E+01    5.266698E+01   
 7.080000E+00    5.922620E+01    5.922620E+01   
 7.090000E+00    5.999170E+01    5.999170E+01   
 7.100000E+00    5.485598E+01    5.485598E+01   
 7.110000E+00    4.454033E+01    4.454033E+01   
 7.120000E+00    3.049354E+01    3.049354E+01   
 7.130000E+00    1.468846E+01    1.468846E+01   
 7.140000E+00   -6.551451E-01   -6.551451E-01   
 7.150000E+00   -1.338231E+01   -1.338231E+01   
 7.160000E+00   -2.170554E+01   -2.170554E+01   
 7.170000E+00   -2.445587E+01   -2.445587E+01   
 7.180000E+00   -2.124701E+01   -2.124701E+01   
 7.190000E+00   -1.252964E+01   -1.252964E+01   
 7.200000E+00    4.718983E-01    4.718983E-01   
 7.210000E+00    1.593159E+01    1.593159E+01   
 7.220000E+00    3.167817E+01    3.167817E+01   
 7.230000E+00    4.550007E+01    4.550007E+01   
 7.240000E+00    5.545605E+01    5.545605E+01   
 7.250000E+00    6.014782E+01    6.014782E+01   
 7.260000E+00    5.891643E+01    5.891643E+01   
 7.270000E+00    5.193484E+01    5.193484E+01   
 7.280000E+00    4.018358E+01    4.018358E+01   
 7.290000E+00    2.531308E+01    2.531308E+01   
 7.300000E+00    9.411863E+00    9.411863E+00   
 7.310000E+00   -5.286793E+00   -5.286793E+00   
 7.320000E+00   -1.671851E+01   -1.671851E+01   
 7.330000E+00   -2.327773E+01   -2.327773E+01   
 7.340000E+00   -2.404323E+01   -2.404323E+01   
 7.350000E+00   -1.890751E+01   -1.890751E+01   
 7.360000E+00   -8.591857E+00   -8.591857E+00   
 7.370000E+00    5.454926E+00    5.454926E+00   
 7.380000E+00    2.126001E+01    2.126001E+01   
 7.390000E+00    3.660361E+01    3.660361E+01   
 7.400000E+00    4.933078E+01    4.933078E+01   
 7.410000E+00    5.765401E+01    5.765401E+01   
 7.420000E+00    6.040433E+01    6.040433E+01   
 7.430000E+00    5.719548E+01    5.719548E+01   
 7.440000E+00    4.847811E+01    4.847811E+01   
 7.450000E+00    3.547657E+01    3.547657E+01   
 7.460000E+00    2.001688E+01    2.001688E+01   
 7.470000E+00    4.270299E+00    4.270299E+00   
 7.480000E+00   -9.551601E+00   -9.551601E+00   
 7.490000E+00   -1.950758E+01   -1.950758E+01   
 7.500000E+00   -2.419935E+01   -2.419935E+01   
 7.510000E+00   -2.296796E+01   -2.296796E+01   
 7.520000E+00   -1.598637E+01   -1.598637E+01   
 7.530000E+00   -4.235107E+00   -4.235107E+00   
 7.540000E+00    1.063539E+01    1.063539E+01   
 7.550000E+00    2.653661E+01    2.653661E+01   
 7.560000E+00    4.123526E+01    4.123526E+01   
 7.570000E+00    5.266698E+01    5.266698E+01   
 7.580000E+00    5.922620E+01    5.922620E+01   
 7.590000E+00    5.999170E+01    5.999170E+01   
 7.600000E+00    5.485598E+01    5.485598E+01   
 7.610000E+00    4.454033E+01    4.454033E+01   
 7.620000E+00    3.049354E+01    3.049354E+01   
 7.630000E+00    1.468846E+01    1.468846E+01   
 7.640000E+00   -6.551450E-01   -6.551450E-01   
 7.650000E+00   -1.338231E+01   -1.338231E+01   
 7.660000E+00   -2.170554E+01   -2.170554E+01   
 7.670000E+00   -2.445587E+01   -2.445587E+01   
 7.680000E+00   -2.124701E+01   -2.124701E+01   
 7.690000E+00   -1.252964E+01   -1.252964E+01   
 7.700000E+00    4.718983E-01    4.718983E-01   
 7.710000E+00    1.593159E+01    1.593159E+01   
 7.720000E+00    3.167817E+01    3.167817E+01   
 7.730000E+00    4.550007E+01    4.550007E+01   
 7.740000E+00    5.545605E+01    5.545605E+01   
 7.750000E+00    6.014782E+01    6.014782E+01   
 7.760000E+00    5.891643E+01    5.891643E+01   
 7.770000E+00    5.193484E+01    5.193484E+01   
 7.780000E+00    4.018358E+01    4.018358E+01   
 7.790000E+00    2.531308E+01    2.531308E+01   
 7.800000E+00    9.411863E+00    9.411863E+00   
 7.810000E+00   -5.286793E+00   -5.286793E+00   
 7.820000E+00   -1.671851E+01   -1.671851E+01   
 7.830000E+00   -2.327773E+01   -2.327773E+01   
 7.840000E+00   -2.404323E+01   -2.404323E+01   
 7.850000E+00   -1.890751E+01   -1.890751E+01   
 7.860000E+00   -8.591857E+00   -8.591857E+00   
 7.870000E+00    5.454926E+00    5.454926E+00   
 7.880000E+00    2.126001E+01    2.126001E+01   
 7.890000E+00    3.660361E+01    3.660361E+01   
 7.900000E+00    4.933078E+01    4.933078E+01   
 7.910000E+00    5.765401E+01    5.765401E+01   
 7.920000E+00    6.040433E+01    6.040433E+01   
 7.930000E+00    5.719548E+01    5.719548E+01   
 7.940000E+00    4.847811E+01    4.847811E+01   
 7.950000E+00    3.547657E+01    3.547657E+01   
 7.960000E+00    2.001688E+01    2.001688E+01   
 7.970000E+00    4.270299E+00    4.270299E+00   
 7.980000E+00   -9.551601E+00   -9.551601E+00   
 7.990000E+00   -1.950758E+01   -1.950758E+01   
 8.000000E+00   -2.419935E+01   -2.419935E+01   
 8.010000E+00   -2.296796E+01   -2.296796E+01   
 8.020000E+00   -1.598637E+01   -1.598637E+01   
 8.030000E+00   -4.235107E+00   -4.235107E+00   
 8.040000E+00    1.063539E+01    1.063539E+01   
 8.050000E+00    2.653661E+01    2.653661E+01   
 8.060000E+00    4.123526E+01    4.123526E+01   
 8.070000E+00    5.266698E+01    5.266698E+01   
 8.080000E+00    5.922620E+01    5.922620E+01   
 8.090000E+00    5.999170E+01    5.999170E+01   
 8.100000E+00    5.485598E+01    5.485598E+01   
 8.110000E+00    4.454033E+01    4.454033E+01   
 8.120000E+00    3.049354E+01    3.049354E+01   
 8.130000E+00    1.468846E+01    1.468846E+01   
 8.140000E+00   -6.551450E-01   -6.551450E-01   
 8.150000E+00   -1.338231E+01   -1.338231E+01   
 8.160000E+00   -2.170554E+01   -2.170554E+01   
 8.170000E+00   -2.445587E+01   -2.445587E+01   
 8.180000E+00   -2.124701E+01   -2.124701E+01   
 8.190000E+00   -1.252964E+01   -1.252964E+01   
 8.200000E+00    4.718984E-01    4.718984E-01   
 8.210000E+00    1.593159E+01    1.593159E+01   
 8.220000E+00    3.167817E+01    3.167817E+01   
 8.230000E+00    4.550007E+01    4.550007E+01   
 8.240000E+00    5.545605E+01    5.545605E+01   
 8.250000E+00    6.014782E+01    6.014782E+01   
 8.260000E+00    5.891643E+01    5.891643E+01   
 8.270000E+00    5.193484E+01    5.193484E+01   
 8.280000E+00    4.018358E+01    4.018358E+01   
 8.290000E+00    2.531308E+01    2.531308E+01   
 8.300000E+00    9.411863E+00    9.411863E+00   
 8.310000E+00   -5.286793E+00   -5.286793E+00   
 8.320000E+00   -1.671851E+01   -1.671851E+01   
 8.330000E+00   -2.327773E+01   -2.327773E+01   
 8.340000E+00   -2.404323E+01   -2.404323E+01   
 8.350000E+00   -1.890751E+01   -1.890751E+01   
 8.360000E+00   -8.591857E+00   -8.591857E+00   
 8.370000E+00    5.454926E+00    5.454926E+00   
 8.380000E+00    2.126001E+01    2.126001E+01   
 8.390000E+00    3.660361E+01    3.660361E+01   
 8.400000E+00    4.933078E+01    4.933078E+01   
 8.410000E+00    5.765401E+01    5.765401E+01   
 8.420000E+00    6.040433E+01    6.040433E+01   
 8.430000E+00    5.719548E+01    5.719548E+01   
 8.440000E+00    4.847811E+01    4.847811E+01   
 8.450000E+00    3.547657E+01    3.547657E+01   
 8.460000E+00    2.001688E+01    2.001688E+01   
 8.470000E+00    4.270300E+00    4.270300E+00   
 8.480000E+00   -9.551601E+00   -9.551601E+00   
 8.490000E+00   -1.950758E+01   -1.950758E+01   
 8.500000E+00   -2.419935E+01   -2.419935E+01   
 8.510000E+00   -2.296796E+01   -2.296796E+01   
 8.520000E+00   -1.598637E+01   -1.598637E+01   
 8.530000E+00   -4.235107E+00   -4.235107E+00   
 8.540000E+00    1.063539E+01    1.063539E+01   
 8.550000E+00    2.653661E+01    2.653661E+01   
 8.560000E+00    4.123526E+01    4.123526E+01   
 8.570000E+00    5.266698E+01    5.266698E+01   
 8.580000E+00    5.922620E+01    5.922620E+01   
 8.590000E+00    5.999170E+01    5.999170E+01   
 8.600000E+00    5.485598E+01    5.485598E+01   
 8.610000E+00    4.454033E+01    4.454033E+01   
 8.620000E+00    3.049354E+01    3.049354E+01   
 8.630000E+00    1.468846E+01    1.468846E+01   
 8.640000E+00   -6.551449E-01   -6.551449E-01   
 8.650000E+00   -1.338231E+01   -1.338231E+01   
 8.660000E+00   -2.170554E+01   -2.170554E+01   
 8.670000E+00   -2.445587E+01   -2.445587E+01   
 8.680000E+00   -2.124701E+01   -2.124701E+01   
 8.690000E+00   -1.252964E+01   -1.252964E+01   
 8.700000E+00    4.718984E-01    4.718984E-01   
 8.710000E+00    1.593159E+01    1.593159E+01   
 8.720000E+00    3.167817E+01    3.167817E+01   
 8.730000E+00    4.550007E+01    4.550007E+01   
 8.740000E+00    5.545605E+01    5.545605E+01   
 8.750000E+00    6.014782E+01    6.014782E+01   
 8.760000E+00    5.891643E+01    5.891643E+01   
 8.770000E+00    5.193484E+01    5.193484E+01   
 8.780000E+00    4.018358E+01    4.018358E+01   
 8.790000E+00    2.531308E+01    2.531308E+01   
 8.800000E+00    9.411863E+00    9.411863E+00   
 8.810000E+00   -5.286793E+00   -5.286793E+00   
 8.820000E+00   -1.671851E+01   -1.671851E+01   
 8.830000E+00   -2.327773E+01   -2.327773E+01   
 8.840000E+00   -2.404323E+01   -2.404323E+01   
 8.850000E+00   -1.890751E+01   -1.890751E+01   
 8.860000E+00   -8.591857E+00   -8.591857E+00   
 8.870000E+00    5.454926E+00    5.454926E+00   
 8.880000E+00    2.126001E+01    2.126001E+01   
 8.890000E+00    3.660361E+01    3.660361E+01   
 8.900000E+00    4.933078E+01    4.933078E+01   
 8.910000E+00    5.765401E+01    5.765401E+01   
 8.920000E+00    6.040433E+01    6.040433E+01   
 8.930000E+00    5.719548E+01    5.719548E+01   
 8.940000E+00    4.847811E+01    4.847811E+01   
 8.950000E+00    3.547657E+01    3.547657E+01   
 8.960000E+00    2.001688E+01    2.001688E+01   
 8.970000E+00    4.270300E+00    4.270300E+00   
 8.980000E+00   -9.551601E+00   -9.551601E+00   
 8.990000E+00   -1.950758E+01   -1.950758E+01   
 9.000000E+00   -2.419935E+01   -2.419935E+01   
 9.010000E+00   -2.296796E+01   -2.296796E+01   
 9.020000E+00   -1.598637E+01   -1.598637E+01   
 9.030000E+00   -4.235107E+00   -4.235107E+00   
 9.040000E+00    1.063539E+01    1.063539E+01   
 9.050000E+00    2.653661E+01    2.653661E+01   
 9.060000E+00    4.123526E+01    4.123526E+01   
 9.070000E+00    5.266698E+01    5.266698E+01   
 9.080000E+00    5.922620E+01    5.922620E+01   
 9.090000E+00    5.999170E+01    5.999170E+01   
 9.100000E+00    5.485598E+01    5.485598E+01   
 9.110000E+00    4.454033E+01    4.454033E+01   
 9.120000E+00    3.049354E+01    3.049354E+01   
 9.130000E+00    1.468846E+01    1.468846E+01   
 9.140000E+00   -6.551449E-01   -6.551449E-01   
 9.150000E+00   -1.338231E+01   -1.338231E+01   
 9.160000E+00   -2.170554E+01   -2.170554E+01   
 9.170000E+00   -2.445587E+01   -2.445587E+01   
 9.180000E+00   -2.124701E+01   -2.124701E+01   
 9.190000E+00   -1.252964E+01   -1.252964E+01   
 9.200000E+00    4.718984E-01    4.718984E-01   
 9.210000E+00    1.593159E+01    1.593159E+01   
 9.220000E+00    3.167817E+01    3.167817E+01   
 9.230000E+00    4.550007E+01    4.550007E+01   
 9.240000E+00    5.545605E+01    5.545605E+01   
 9.250000E+00    6.014782E+01    6.014782E+01   
 9.260000E+00    5.891643E+01    5.891643E+01   
 9.270000E+00    5.193484E+01    5.193484E+01   
 9.280000E+00    4.018358E+01    4.018358E+01   
 9.290000E+00    2.531308E+01    2.531308E+01   
 9.300000E+00    9.411863E+00    9.411863E+00   
 9.310000E+00   -5.286793E+00   -5.286793E+00   
 9.320000E+00   -1.671851E+01   -1.671851E+01   
 9.330000E+00   -2.327773E+01   -2.327773E+01   
 9.340000E+00   -2.404323E+01   -2.404323E+01   
 9.350000E+00   -1.890751E+01   -1.890751E+01   
 9.360000E+00   -8.591857E+00   -8.591857E+00   
 9.370000E+00    5.454926E+00    5.454926E+00   
 9.380000E+00    2.126001E+01    2.126001E+01   
 9.390000E+00    3.660361E+01    3.660361E+01   
 9.400000E+00    4.933078E+01    4.933078E+01   
 9.410000E+00    5.765401E+01    5.765401E+01   
 9.420000E+00    6.040433E+01    6.040433E+01   
 9.430000E+00    5.719548E+01    5.719548E+01   
 9.440000E+00    4.847811E+01    4.847811E+01   
 9.450000E+00    3.547657E+01    3.547657E+01   
 9.460000E+00    2.001688E+01    2.001688E+01   
 9.470000E+00    4.270300E+00    4.270300E+00   
 9.480000E+00   -9.551601E+00   -9.551601E+00   
 9.490000E+00   -1.950758E+01   -1.950758E+01   
 9.500000E+00   -2.419935E+01   -2.419935E+01   
 9.510000E+00   -2.296796E+01   -2.296796E+01   
 9.520000E+00   -1.598637E+01   -1.598637E+01   
 9.530000E+00   -4.235107E+00   -4.235107E+00   
 9.540000E+00    1.063539E+01    1.063539E+01   
 9.550000E+00    2.653661E+01    2.653661E+01   
 9.560000E+00    4.123526E+01    4.123526E+01   
 9.570000E+00    5.266698E+01    5.266698E+01   
 9.580000E+00    5.922620E+01    5.922620E+01   
 9.590000E+00    5.999170E+01    5.999170E+01   
 9.600000E+00    5.485598E+01    5.485598E+01   
 9.610000E+00    4.454033E+01    4.454033E+01   
 9.620000E+00    3.049354E+01    3.049354E+01   
 9.630000E+00    1.468846E+01    1.468846E+01   
 9.640000E+00   -6.551449E-01   -6.551449E-01   
 9.650000E+00   -1.338231E+01   -1.338231E+01   
 9.660000E+00   -2.170554E+01   -2.170554E+01   
 9.670000E+00   -2.445587E+01   -2.445587E+01   
 9.680000E+00   -2.124701E+01   -2.124701E+01   
 9.690000E+00   -1.252964E+01   -1.252964E+01   
 9.700000E+00    4.718985E-01    4.718985E-01   
 9.710000E+00    1.593159E+01    1.593159E+01   
 9.720000E+00    3.167817E+01    3.167817E+01   
 9.730000E+00    4.550007E+01    4.550007E+01   
 9.740000E+00    5.545605E+01    5.545605E+01   
 9.750000E+00    6.014782E+01    6.014782E+01   
 9.760000E+00    5.891643E+01    5.891643E+01   
 9.770000E+00    5.193484E+01    5.193484E+01   
 9.780000E+00    4.018358E+01    4.018358E+01   
 9.790000E+00    2.531308E+01    2.531308E+01   
 9.800000E+00    9.411863E+00    9.411863E+00   
 9.810000E+00   -5.286793E+00   -5.286793E+00   
 9.820000E+00   -1.671851E+01   -1.671851E+01   
 9.830000E+00   -2.327773E+01   -2.327773E+01   
 9.840000E+00   -2.404323E+01   -2.404323E+01   
 9.850000E+00   -1.890751E+01   -1.890751E+01   
 9.860000E+00   -8.591857E+00   -8.591857E+00   
 9.870000E+00    5.454926E+00    5.454926E+00   
 9.880000E+00    2.126001E+01    2.126001E+01   
 9.890000E+00    3.660361E+01    3.660361E+01   
 9.900000E+00    4.933078E+01    4.933078E+01   
 9.910000E+00    5.765401E+01    5.765401E+01   
 9.920000E+00    6.040433E+01    6.040433E+01   
 9.930000E+00    5.719548E+01    5.719548E+01   
 9.940000E+00    4.847811E+01    4.847811E+01   
 9.950000E+00    3.547657E+01    3.547657E+01   
 9.960000E+00    2.001688E+01    2.001688E+01   
 9.970000E+00    4.270300E+00    4.270300E+00   
 9.980000E+00   -9.551601E+00   -9.551601E+00   
 9.990000E+00   -1.950758E+01   -1.950758E+01   
 1.000000E+01   -2.419935E+01   -2.419935E+01   
