


A.  .plot_7.curve_1.TIME (sec)
B.  .plot_7.curve_1.y_data (newton)

       A               B         
 0.000000E+00   -7.361539E+00   
 1.000000E-03   -4.206313E-01   
 2.000000E-03    5.294591E+00   
 3.000000E-03    9.965054E+00   
 4.000000E-03    1.377585E+01   
 5.000000E-03    1.688716E+01   
 6.000000E-03    1.942223E+01   
 7.000000E-03    2.148395E+01   
 8.000000E-03    2.315593E+01   
 9.000000E-03    2.450462E+01   
 1.000000E-02    2.557154E+01   
 1.100000E-02    2.643573E+01   
 1.200000E-02    2.712616E+01   
 1.300000E-02    2.766670E+01   
 1.400000E-02    2.808231E+01   
 1.500000E-02    2.840307E+01   
 1.600000E-02    2.864528E+01   
 1.700000E-02    2.882451E+01   
 1.800000E-02    2.895518E+01   
 1.900000E-02    2.904873E+01   
 2.000000E-02    2.911494E+01   
 2.100000E-02    2.916203E+01   
 2.200000E-02    2.919687E+01   
 2.300000E-02    2.922518E+01   
 2.400000E-02    2.925163E+01   
 2.500000E-02    2.927997E+01   
 2.600000E-02    2.931311E+01   
 2.700000E-02    2.935317E+01   
 2.800000E-02    2.940159E+01   
 2.900000E-02    2.945915E+01   
 3.000000E-02    2.952604E+01   
 3.100000E-02    2.960193E+01   
 3.200000E-02    2.968605E+01   
 3.300000E-02    2.977719E+01   
 3.400000E-02    2.987385E+01   
 3.500000E-02    2.997423E+01   
 3.600000E-02    3.007635E+01   
 3.700000E-02    3.017809E+01   
 3.800000E-02    3.027726E+01   
 3.900000E-02    3.037170E+01   
 4.000000E-02    3.045929E+01   
 4.100000E-02    3.053805E+01   
 4.200000E-02    3.060620E+01   
 4.300000E-02    3.066216E+01   
 4.400000E-02    3.070467E+01   
 4.500000E-02    3.073275E+01   
 4.600000E-02    3.074578E+01   
 4.700000E-02    3.074348E+01   
 4.800000E-02    3.072597E+01   
 4.900000E-02    3.069370E+01   
 5.000000E-02    3.064751E+01   
 5.100000E-02    3.058855E+01   
 5.200000E-02    3.051828E+01   
 5.300000E-02    3.043847E+01   
 5.400000E-02    3.035109E+01   
 5.500000E-02    3.025830E+01   
 5.600000E-02    3.016239E+01   
 5.700000E-02    3.006573E+01   
 5.800000E-02    2.997071E+01   
 5.900000E-02    2.987968E+01   
 6.000000E-02    2.979487E+01   
 6.100000E-02    2.971838E+01   
 6.200000E-02    2.965210E+01   
 6.300000E-02    2.959766E+01   
 6.400000E-02    2.955640E+01   
 6.500000E-02    2.952934E+01   
 6.600000E-02    2.951715E+01   
 6.700000E-02    2.952012E+01   
 6.800000E-02    2.953820E+01   
 6.900000E-02    2.957092E+01   
 7.000000E-02    2.961749E+01   
 7.100000E-02    2.967676E+01   
 7.200000E-02    2.974727E+01   
 7.300000E-02    2.982729E+01   
 7.400000E-02    2.991484E+01   
 7.500000E-02    3.000777E+01   
 7.600000E-02    3.010379E+01   
 7.700000E-02    3.020054E+01   
 7.800000E-02    3.029563E+01   
 7.900000E-02    3.038673E+01   
 8.000000E-02    3.047158E+01   
 8.100000E-02    3.054811E+01   
 8.200000E-02    3.061443E+01   
 8.300000E-02    3.066889E+01   
 8.400000E-02    3.071018E+01   
 8.500000E-02    3.073725E+01   
 8.600000E-02    3.074946E+01   
 8.700000E-02    3.074650E+01   
 8.800000E-02    3.072843E+01   
 8.900000E-02    3.069572E+01   
 9.000000E-02    3.064915E+01   
 9.100000E-02    3.058989E+01   
 9.200000E-02    3.051938E+01   
 9.300000E-02    3.043937E+01   
 9.400000E-02    3.035182E+01   
 9.500000E-02    3.025889E+01   
 9.600000E-02    3.016287E+01   
 9.700000E-02    3.006613E+01   
 9.800000E-02    2.997104E+01   
 9.900000E-02    2.987994E+01   
 1.000000E-01    2.979508E+01   
 1.010000E-01    2.971856E+01   
 1.020000E-01    2.965224E+01   
 1.030000E-01    2.959777E+01   
 1.040000E-01    2.955649E+01   
 1.050000E-01    2.952941E+01   
 1.060000E-01    2.951721E+01   
 1.070000E-01    2.952017E+01   
 1.080000E-01    2.953823E+01   
 1.090000E-01    2.957095E+01   
 1.100000E-01    2.961751E+01   
 1.110000E-01    2.967678E+01   
 1.120000E-01    2.974728E+01   
 1.130000E-01    2.982729E+01   
 1.140000E-01    2.991484E+01   
 1.150000E-01    3.000777E+01   
 1.160000E-01    3.010379E+01   
 1.170000E-01    3.020053E+01   
 1.180000E-01    3.029563E+01   
 1.190000E-01    3.038672E+01   
 1.200000E-01    3.047158E+01   
 1.210000E-01    3.054811E+01   
 1.220000E-01    3.061442E+01   
 1.230000E-01    3.066889E+01   
 1.240000E-01    3.071017E+01   
 1.250000E-01    3.073725E+01   
 1.260000E-01    3.074945E+01   
 1.270000E-01    3.074649E+01   
 1.280000E-01    3.072842E+01   
 1.290000E-01    3.069571E+01   
 1.300000E-01    3.064915E+01   
 1.310000E-01    3.058988E+01   
 1.320000E-01    3.051937E+01   
 1.330000E-01    3.043936E+01   
 1.340000E-01    3.035181E+01   
 1.350000E-01    3.025889E+01   
 1.360000E-01    3.016287E+01   
 1.370000E-01    3.006612E+01   
 1.380000E-01    2.997103E+01   
 1.390000E-01    2.987993E+01   
 1.400000E-01    2.979507E+01   
 1.410000E-01    2.971855E+01   
 1.420000E-01    2.965223E+01   
 1.430000E-01    2.959776E+01   
 1.440000E-01    2.955648E+01   
 1.450000E-01    2.952940E+01   
 1.460000E-01    2.951720E+01   
 1.470000E-01    2.952016E+01   
 1.480000E-01    2.953822E+01   
 1.490000E-01    2.957094E+01   
 1.500000E-01    2.961750E+01   
 1.510000E-01    2.967677E+01   
 1.520000E-01    2.974727E+01   
 1.530000E-01    2.982728E+01   
 1.540000E-01    2.991483E+01   
 1.550000E-01    3.000776E+01   
 1.560000E-01    3.010378E+01   
 1.570000E-01    3.020053E+01   
 1.580000E-01    3.029562E+01   
 1.590000E-01    3.038671E+01   
 1.600000E-01    3.047157E+01   
 1.610000E-01    3.054810E+01   
 1.620000E-01    3.061441E+01   
 1.630000E-01    3.066888E+01   
 1.640000E-01    3.071016E+01   
 1.650000E-01    3.073724E+01   
 1.660000E-01    3.074944E+01   
 1.670000E-01    3.074648E+01   
 1.680000E-01    3.072842E+01   
 1.690000E-01    3.069570E+01   
 1.700000E-01    3.064914E+01   
 1.710000E-01    3.058987E+01   
 1.720000E-01    3.051937E+01   
 1.730000E-01    3.043935E+01   
 1.740000E-01    3.035180E+01   
 1.750000E-01    3.025888E+01   
 1.760000E-01    3.016286E+01   
 1.770000E-01    3.006611E+01   
 1.780000E-01    2.997102E+01   
 1.790000E-01    2.987992E+01   
 1.800000E-01    2.979506E+01   
 1.810000E-01    2.971854E+01   
 1.820000E-01    2.965222E+01   
 1.830000E-01    2.959775E+01   
 1.840000E-01    2.955647E+01   
 1.850000E-01    2.952940E+01   
 1.860000E-01    2.951719E+01   
 1.870000E-01    2.952015E+01   
 1.880000E-01    2.953821E+01   
 1.890000E-01    2.957093E+01   
 1.900000E-01    2.961749E+01   
 1.910000E-01    2.967676E+01   
 1.920000E-01    2.974726E+01   
 1.930000E-01    2.982728E+01   
 1.940000E-01    2.991482E+01   
 1.950000E-01    3.000775E+01   
 1.960000E-01    3.010377E+01   
 1.970000E-01    3.020052E+01   
 1.980000E-01    3.029561E+01   
 1.990000E-01    3.038670E+01   
 2.000000E-01    3.047156E+01   
 2.010000E-01    3.054809E+01   
 2.020000E-01    3.061440E+01   
 2.030000E-01    3.066887E+01   
 2.040000E-01    3.071015E+01   
 2.050000E-01    3.073723E+01   
 2.060000E-01    3.074943E+01   
 2.070000E-01    3.074647E+01   
 2.080000E-01    3.072841E+01   
 2.090000E-01    3.069569E+01   
 2.100000E-01    3.064913E+01   
 2.110000E-01    3.058986E+01   
 2.120000E-01    3.051936E+01   
 2.130000E-01    3.043934E+01   
 2.140000E-01    3.035180E+01   
 2.150000E-01    3.025887E+01   
 2.160000E-01    3.016285E+01   
 2.170000E-01    3.006610E+01   
 2.180000E-01    2.997101E+01   
 2.190000E-01    2.987991E+01   
 2.200000E-01    2.979506E+01   
 2.210000E-01    2.971853E+01   
 2.220000E-01    2.965221E+01   
 2.230000E-01    2.959775E+01   
 2.240000E-01    2.955646E+01   
 2.250000E-01    2.952939E+01   
 2.260000E-01    2.951718E+01   
 2.270000E-01    2.952014E+01   
 2.280000E-01    2.953821E+01   
 2.290000E-01    2.957092E+01   
 2.300000E-01    2.961748E+01   
 2.310000E-01    2.967675E+01   
 2.320000E-01    2.974725E+01   
 2.330000E-01    2.982727E+01   
 2.340000E-01    2.991481E+01   
 2.350000E-01    3.000774E+01   
 2.360000E-01    3.010376E+01   
 2.370000E-01    3.020051E+01   
 2.380000E-01    3.029560E+01   
 2.390000E-01    3.038670E+01   
 2.400000E-01    3.047155E+01   
 2.410000E-01    3.054808E+01   
 2.420000E-01    3.061439E+01   
 2.430000E-01    3.066886E+01   
 2.440000E-01    3.071014E+01   
 2.450000E-01    3.073722E+01   
 2.460000E-01    3.074943E+01   
 2.470000E-01    3.074646E+01   
 2.480000E-01    3.072840E+01   
 2.490000E-01    3.069568E+01   
 2.500000E-01    3.064912E+01   
 2.510000E-01    3.058985E+01   
 2.520000E-01    3.051935E+01   
 2.530000E-01    3.043934E+01   
 2.540000E-01    3.035179E+01   
 2.550000E-01    3.025886E+01   
 2.560000E-01    3.016284E+01   
 2.570000E-01    3.006609E+01   
 2.580000E-01    2.997100E+01   
 2.590000E-01    2.987990E+01   
 2.600000E-01    2.979505E+01   
 2.610000E-01    2.971852E+01   
 2.620000E-01    2.965221E+01   
 2.630000E-01    2.959774E+01   
 2.640000E-01    2.955646E+01   
 2.650000E-01    2.952938E+01   
 2.660000E-01    2.951717E+01   
 2.670000E-01    2.952013E+01   
 2.680000E-01    2.953820E+01   
 2.690000E-01    2.957091E+01   
 2.700000E-01    2.961748E+01   
 2.710000E-01    2.967674E+01   
 2.720000E-01    2.974725E+01   
 2.730000E-01    2.982726E+01   
 2.740000E-01    2.991481E+01   
 2.750000E-01    3.000773E+01   
 2.760000E-01    3.010375E+01   
 2.770000E-01    3.020050E+01   
 2.780000E-01    3.029559E+01   
 2.790000E-01    3.038669E+01   
 2.800000E-01    3.047154E+01   
 2.810000E-01    3.054807E+01   
 2.820000E-01    3.061438E+01   
 2.830000E-01    3.066885E+01   
 2.840000E-01    3.071013E+01   
 2.850000E-01    3.073721E+01   
 2.860000E-01    3.074942E+01   
 2.870000E-01    3.074645E+01   
 2.880000E-01    3.072839E+01   
 2.890000E-01    3.069567E+01   
 2.900000E-01    3.064911E+01   
 2.910000E-01    3.058985E+01   
 2.920000E-01    3.051934E+01   
 2.930000E-01    3.043933E+01   
 2.940000E-01    3.035178E+01   
 2.950000E-01    3.025885E+01   
 2.960000E-01    3.016283E+01   
 2.970000E-01    3.006608E+01   
 2.980000E-01    2.997099E+01   
 2.990000E-01    2.987990E+01   
 3.000000E-01    2.979504E+01   
 3.010000E-01    2.971851E+01   
 3.020000E-01    2.965220E+01   
 3.030000E-01    2.959773E+01   
 3.040000E-01    2.955645E+01   
 3.050000E-01    2.952937E+01   
 3.060000E-01    2.951716E+01   
 3.070000E-01    2.952013E+01   
 3.080000E-01    2.953819E+01   
 3.090000E-01    2.957090E+01   
 3.100000E-01    2.961747E+01   
 3.110000E-01    2.967673E+01   
 3.120000E-01    2.974724E+01   
 3.130000E-01    2.982725E+01   
 3.140000E-01    2.991480E+01   
 3.150000E-01    3.000773E+01   
 3.160000E-01    3.010374E+01   
 3.170000E-01    3.020049E+01   
 3.180000E-01    3.029558E+01   
 3.190000E-01    3.038668E+01   
 3.200000E-01    3.047153E+01   
 3.210000E-01    3.054806E+01   
 3.220000E-01    3.061438E+01   
 3.230000E-01    3.066884E+01   
 3.240000E-01    3.071013E+01   
 3.250000E-01    3.073720E+01   
 3.260000E-01    3.074941E+01   
 3.270000E-01    3.074644E+01   
 3.280000E-01    3.072838E+01   
 3.290000E-01    3.069567E+01   
 3.300000E-01    3.064910E+01   
 3.310000E-01    3.058984E+01   
 3.320000E-01    3.051933E+01   
 3.330000E-01    3.043932E+01   
 3.340000E-01    3.035177E+01   
 3.350000E-01    3.025884E+01   
 3.360000E-01    3.016282E+01   
 3.370000E-01    3.006608E+01   
 3.380000E-01    2.997098E+01   
 3.390000E-01    2.987989E+01   
 3.400000E-01    2.979503E+01   
 3.410000E-01    2.971850E+01   
 3.420000E-01    2.965219E+01   
 3.430000E-01    2.959772E+01   
 3.440000E-01    2.955644E+01   
 3.450000E-01    2.952936E+01   
 3.460000E-01    2.951715E+01   
 3.470000E-01    2.952012E+01   
 3.480000E-01    2.953818E+01   
 3.490000E-01    2.957090E+01   
 3.500000E-01    2.961746E+01   
 3.510000E-01    2.967672E+01   
 3.520000E-01    2.974723E+01   
 3.530000E-01    2.982724E+01   
 3.540000E-01    2.991479E+01   
 3.550000E-01    3.000772E+01   
 3.560000E-01    3.010374E+01   
 3.570000E-01    3.020048E+01   
 3.580000E-01    3.029557E+01   
 3.590000E-01    3.038667E+01   
 3.600000E-01    3.047153E+01   
 3.610000E-01    3.054805E+01   
 3.620000E-01    3.061437E+01   
 3.630000E-01    3.066884E+01   
 3.640000E-01    3.071012E+01   
 3.650000E-01    3.073719E+01   
 3.660000E-01    3.074940E+01   
 3.670000E-01    3.074644E+01   
 3.680000E-01    3.072837E+01   
 3.690000E-01    3.069566E+01   
 3.700000E-01    3.064909E+01   
 3.710000E-01    3.058983E+01   
 3.720000E-01    3.051932E+01   
 3.730000E-01    3.043931E+01   
 3.740000E-01    3.035176E+01   
 3.750000E-01    3.025883E+01   
 3.760000E-01    3.016282E+01   
 3.770000E-01    3.006607E+01   
 3.780000E-01    2.997098E+01   
 3.790000E-01    2.987988E+01   
 3.800000E-01    2.979502E+01   
 3.810000E-01    2.971850E+01   
 3.820000E-01    2.965218E+01   
 3.830000E-01    2.959771E+01   
 3.840000E-01    2.955643E+01   
 3.850000E-01    2.952935E+01   
 3.860000E-01    2.951715E+01   
 3.870000E-01    2.952011E+01   
 3.880000E-01    2.953817E+01   
 3.890000E-01    2.957089E+01   
 3.900000E-01    2.961745E+01   
 3.910000E-01    2.967672E+01   
 3.920000E-01    2.974722E+01   
 3.930000E-01    2.982723E+01   
 3.940000E-01    2.991478E+01   
 3.950000E-01    3.000771E+01   
 3.960000E-01    3.010373E+01   
 3.970000E-01    3.020048E+01   
 3.980000E-01    3.029557E+01   
 3.990000E-01    3.038666E+01   
 4.000000E-01    3.047152E+01   
 4.010000E-01    3.054805E+01   
 4.020000E-01    3.061436E+01   
 4.030000E-01    3.066883E+01   
 4.040000E-01    3.071011E+01   
 4.050000E-01    3.073719E+01   
 4.060000E-01    3.074939E+01   
 4.070000E-01    3.074643E+01   
 4.080000E-01    3.072837E+01   
 4.090000E-01    3.069565E+01   
 4.100000E-01    3.064909E+01   
 4.110000E-01    3.058982E+01   
 4.120000E-01    3.051932E+01   
 4.130000E-01    3.043930E+01   
 4.140000E-01    3.035175E+01   
 4.150000E-01    3.025883E+01   
 4.160000E-01    3.016281E+01   
 4.170000E-01    3.006606E+01   
 4.180000E-01    2.997097E+01   
 4.190000E-01    2.987987E+01   
 4.200000E-01    2.979502E+01   
 4.210000E-01    2.971849E+01   
 4.220000E-01    2.965217E+01   
 4.230000E-01    2.959770E+01   
 4.240000E-01    2.955642E+01   
 4.250000E-01    2.952935E+01   
 4.260000E-01    2.951714E+01   
 4.270000E-01    2.952010E+01   
 4.280000E-01    2.953817E+01   
 4.290000E-01    2.957088E+01   
 4.300000E-01    2.961744E+01   
 4.310000E-01    2.967671E+01   
 4.320000E-01    2.974721E+01   
 4.330000E-01    2.982723E+01   
 4.340000E-01    2.991477E+01   
 4.350000E-01    3.000770E+01   
 4.360000E-01    3.010372E+01   
 4.370000E-01    3.020047E+01   
 4.380000E-01    3.029556E+01   
 4.390000E-01    3.038666E+01   
 4.400000E-01    3.047151E+01   
 4.410000E-01    3.054804E+01   
 4.420000E-01    3.061435E+01   
 4.430000E-01    3.066882E+01   
 4.440000E-01    3.071010E+01   
 4.450000E-01    3.073718E+01   
 4.460000E-01    3.074939E+01   
 4.470000E-01    3.074642E+01   
 4.480000E-01    3.072836E+01   
 4.490000E-01    3.069564E+01   
 4.500000E-01    3.064908E+01   
 4.510000E-01    3.058981E+01   
 4.520000E-01    3.051931E+01   
 4.530000E-01    3.043930E+01   
 4.540000E-01    3.035175E+01   
 4.550000E-01    3.025882E+01   
 4.560000E-01    3.016280E+01   
 4.570000E-01    3.006605E+01   
 4.580000E-01    2.997096E+01   
 4.590000E-01    2.987986E+01   
 4.600000E-01    2.979501E+01   
 4.610000E-01    2.971848E+01   
 4.620000E-01    2.965217E+01   
 4.630000E-01    2.959770E+01   
 4.640000E-01    2.955642E+01   
 4.650000E-01    2.952934E+01   
 4.660000E-01    2.951713E+01   
 4.670000E-01    2.952010E+01   
 4.680000E-01    2.953816E+01   
 4.690000E-01    2.957087E+01   
 4.700000E-01    2.961744E+01   
 4.710000E-01    2.967670E+01   
 4.720000E-01    2.974721E+01   
 4.730000E-01    2.982722E+01   
 4.740000E-01    2.991477E+01   
 4.750000E-01    3.000769E+01   
 4.760000E-01    3.010371E+01   
 4.770000E-01    3.020046E+01   
 4.780000E-01    3.029555E+01   
 4.790000E-01    3.038665E+01   
 4.800000E-01    3.047150E+01   
 4.810000E-01    3.054803E+01   
 4.820000E-01    3.061435E+01   
 4.830000E-01    3.066881E+01   
 4.840000E-01    3.071009E+01   
 4.850000E-01    3.073717E+01   
 4.860000E-01    3.074938E+01   
 4.870000E-01    3.074641E+01   
 4.880000E-01    3.072835E+01   
 4.890000E-01    3.069564E+01   
 4.900000E-01    3.064907E+01   
 4.910000E-01    3.058981E+01   
 4.920000E-01    3.051930E+01   
 4.930000E-01    3.043929E+01   
 4.940000E-01    3.035174E+01   
 4.950000E-01    3.025881E+01   
 4.960000E-01    3.016279E+01   
 4.970000E-01    3.006605E+01   
 4.980000E-01    2.997095E+01   
 4.990000E-01    2.987986E+01   
 5.000000E-01    2.979500E+01   
 5.010000E-01    2.971847E+01   
 5.020000E-01    2.965216E+01   
 5.030000E-01    2.959769E+01   
 5.040000E-01    2.955641E+01   
 5.050000E-01    2.952933E+01   
 5.060000E-01    2.951712E+01   
 5.070000E-01    2.952009E+01   
 5.080000E-01    2.953815E+01   
 5.090000E-01    2.957087E+01   
 5.100000E-01    2.961743E+01   
 5.110000E-01    2.967669E+01   
 5.120000E-01    2.974720E+01   
 5.130000E-01    2.982721E+01   
 5.140000E-01    2.991476E+01   
 5.150000E-01    3.000769E+01   
 5.160000E-01    3.010371E+01   
 5.170000E-01    3.020045E+01   
 5.180000E-01    3.029554E+01   
 5.190000E-01    3.038664E+01   
 5.200000E-01    3.047150E+01   
 5.210000E-01    3.054802E+01   
 5.220000E-01    3.061434E+01   
 5.230000E-01    3.066881E+01   
 5.240000E-01    3.071009E+01   
 5.250000E-01    3.073716E+01   
 5.260000E-01    3.074937E+01   
 5.270000E-01    3.074641E+01   
 5.280000E-01    3.072834E+01   
 5.290000E-01    3.069563E+01   
 5.300000E-01    3.064906E+01   
 5.310000E-01    3.058980E+01   
 5.320000E-01    3.051929E+01   
 5.330000E-01    3.043928E+01   
 5.340000E-01    3.035173E+01   
 5.350000E-01    3.025881E+01   
 5.360000E-01    3.016279E+01   
 5.370000E-01    3.006604E+01   
 5.380000E-01    2.997095E+01   
 5.390000E-01    2.987985E+01   
 5.400000E-01    2.979499E+01   
 5.410000E-01    2.971847E+01   
 5.420000E-01    2.965215E+01   
 5.430000E-01    2.959768E+01   
 5.440000E-01    2.955640E+01   
 5.450000E-01    2.952932E+01   
 5.460000E-01    2.951712E+01   
 5.470000E-01    2.952008E+01   
 5.480000E-01    2.953814E+01   
 5.490000E-01    2.957086E+01   
 5.500000E-01    2.961742E+01   
 5.510000E-01    2.967669E+01   
 5.520000E-01    2.974719E+01   
 5.530000E-01    2.982720E+01   
 5.540000E-01    2.991475E+01   
 5.550000E-01    3.000768E+01   
 5.560000E-01    3.010370E+01   
 5.570000E-01    3.020045E+01   
 5.580000E-01    3.029554E+01   
 5.590000E-01    3.038663E+01   
 5.600000E-01    3.047149E+01   
 5.610000E-01    3.054802E+01   
 5.620000E-01    3.061433E+01   
 5.630000E-01    3.066880E+01   
 5.640000E-01    3.071008E+01   
 5.650000E-01    3.073716E+01   
 5.660000E-01    3.074936E+01   
 5.670000E-01    3.074640E+01   
 5.680000E-01    3.072834E+01   
 5.690000E-01    3.069562E+01   
 5.700000E-01    3.064906E+01   
 5.710000E-01    3.058979E+01   
 5.720000E-01    3.051929E+01   
 5.730000E-01    3.043927E+01   
 5.740000E-01    3.035173E+01   
 5.750000E-01    3.025880E+01   
 5.760000E-01    3.016278E+01   
 5.770000E-01    3.006603E+01   
 5.780000E-01    2.997094E+01   
 5.790000E-01    2.987984E+01   
 5.800000E-01    2.979499E+01   
 5.810000E-01    2.971846E+01   
 5.820000E-01    2.965214E+01   
 5.830000E-01    2.959768E+01   
 5.840000E-01    2.955639E+01   
 5.850000E-01    2.952932E+01   
 5.860000E-01    2.951711E+01   
 5.870000E-01    2.952007E+01   
 5.880000E-01    2.953814E+01   
 5.890000E-01    2.957085E+01   
 5.900000E-01    2.961741E+01   
 5.910000E-01    2.967668E+01   
 5.920000E-01    2.974719E+01   
 5.930000E-01    2.982720E+01   
 5.940000E-01    2.991475E+01   
 5.950000E-01    3.000767E+01   
 5.960000E-01    3.010369E+01   
 5.970000E-01    3.020044E+01   
 5.980000E-01    3.029553E+01   
 5.990000E-01    3.038663E+01   
 6.000000E-01    3.047148E+01   
 6.010000E-01    3.054801E+01   
 6.020000E-01    3.061432E+01   
 6.030000E-01    3.066879E+01   
 6.040000E-01    3.071007E+01   
 6.050000E-01    3.073715E+01   
 6.060000E-01    3.074936E+01   
 6.070000E-01    3.074639E+01   
 6.080000E-01    3.072833E+01   
 6.090000E-01    3.069561E+01   
 6.100000E-01    3.064905E+01   
 6.110000E-01    3.058979E+01   
 6.120000E-01    3.051928E+01   
 6.130000E-01    3.043927E+01   
 6.140000E-01    3.035172E+01   
 6.150000E-01    3.025879E+01   
 6.160000E-01    3.016277E+01   
 6.170000E-01    3.006602E+01   
 6.180000E-01    2.997093E+01   
 6.190000E-01    2.987984E+01   
 6.200000E-01    2.979498E+01   
 6.210000E-01    2.971845E+01   
 6.220000E-01    2.965214E+01   
 6.230000E-01    2.959767E+01   
 6.240000E-01    2.955639E+01   
 6.250000E-01    2.952931E+01   
 6.260000E-01    2.951710E+01   
 6.270000E-01    2.952007E+01   
 6.280000E-01    2.953813E+01   
 6.290000E-01    2.957085E+01   
 6.300000E-01    2.961741E+01   
 6.310000E-01    2.967667E+01   
 6.320000E-01    2.974718E+01   
 6.330000E-01    2.982719E+01   
 6.340000E-01    2.991474E+01   
 6.350000E-01    3.000767E+01   
 6.360000E-01    3.010369E+01   
 6.370000E-01    3.020043E+01   
 6.380000E-01    3.029552E+01   
 6.390000E-01    3.038662E+01   
 6.400000E-01    3.047148E+01   
 6.410000E-01    3.054800E+01   
 6.420000E-01    3.061432E+01   
 6.430000E-01    3.066879E+01   
 6.440000E-01    3.071007E+01   
 6.450000E-01    3.073714E+01   
 6.460000E-01    3.074935E+01   
 6.470000E-01    3.074639E+01   
 6.480000E-01    3.072832E+01   
 6.490000E-01    3.069561E+01   
 6.500000E-01    3.064904E+01   
 6.510000E-01    3.058978E+01   
 6.520000E-01    3.051927E+01   
 6.530000E-01    3.043926E+01   
 6.540000E-01    3.035171E+01   
 6.550000E-01    3.025878E+01   
 6.560000E-01    3.016277E+01   
 6.570000E-01    3.006602E+01   
 6.580000E-01    2.997093E+01   
 6.590000E-01    2.987983E+01   
 6.600000E-01    2.979497E+01   
 6.610000E-01    2.971845E+01   
 6.620000E-01    2.965213E+01   
 6.630000E-01    2.959766E+01   
 6.640000E-01    2.955638E+01   
 6.650000E-01    2.952930E+01   
 6.660000E-01    2.951710E+01   
 6.670000E-01    2.952006E+01   
 6.680000E-01    2.953812E+01   
 6.690000E-01    2.957084E+01   
 6.700000E-01    2.961740E+01   
 6.710000E-01    2.967667E+01   
 6.720000E-01    2.974717E+01   
 6.730000E-01    2.982718E+01   
 6.740000E-01    2.991473E+01   
 6.750000E-01    3.000766E+01   
 6.760000E-01    3.010368E+01   
 6.770000E-01    3.020043E+01   
 6.780000E-01    3.029552E+01   
 6.790000E-01    3.038661E+01   
 6.800000E-01    3.047147E+01   
 6.810000E-01    3.054800E+01   
 6.820000E-01    3.061431E+01   
 6.830000E-01    3.066878E+01   
 6.840000E-01    3.071006E+01   
 6.850000E-01    3.073714E+01   
 6.860000E-01    3.074934E+01   
 6.870000E-01    3.074638E+01   
 6.880000E-01    3.072832E+01   
 6.890000E-01    3.069560E+01   
 6.900000E-01    3.064904E+01   
 6.910000E-01    3.058977E+01   
 6.920000E-01    3.051927E+01   
 6.930000E-01    3.043925E+01   
 6.940000E-01    3.035171E+01   
 6.950000E-01    3.025878E+01   
 6.960000E-01    3.016276E+01   
 6.970000E-01    3.006601E+01   
 6.980000E-01    2.997092E+01   
 6.990000E-01    2.987982E+01   
 7.000000E-01    2.979497E+01   
 7.010000E-01    2.971844E+01   
 7.020000E-01    2.965212E+01   
 7.030000E-01    2.959766E+01   
 7.040000E-01    2.955637E+01   
 7.050000E-01    2.952930E+01   
 7.060000E-01    2.951709E+01   
 7.070000E-01    2.952005E+01   
 7.080000E-01    2.953812E+01   
 7.090000E-01    2.957083E+01   
 7.100000E-01    2.961740E+01   
 7.110000E-01    2.967666E+01   
 7.120000E-01    2.974717E+01   
 7.130000E-01    2.982718E+01   
 7.140000E-01    2.991473E+01   
 7.150000E-01    3.000765E+01   
 7.160000E-01    3.010367E+01   
 7.170000E-01    3.020042E+01   
 7.180000E-01    3.029551E+01   
 7.190000E-01    3.038661E+01   
 7.200000E-01    3.047146E+01   
 7.210000E-01    3.054799E+01   
 7.220000E-01    3.061430E+01   
 7.230000E-01    3.066877E+01   
 7.240000E-01    3.071005E+01   
 7.250000E-01    3.073713E+01   
 7.260000E-01    3.074934E+01   
 7.270000E-01    3.074637E+01   
 7.280000E-01    3.072831E+01   
 7.290000E-01    3.069560E+01   
 7.300000E-01    3.064903E+01   
 7.310000E-01    3.058977E+01   
 7.320000E-01    3.051926E+01   
 7.330000E-01    3.043925E+01   
 7.340000E-01    3.035170E+01   
 7.350000E-01    3.025877E+01   
 7.360000E-01    3.016275E+01   
 7.370000E-01    3.006601E+01   
 7.380000E-01    2.997091E+01   
 7.390000E-01    2.987982E+01   
 7.400000E-01    2.979496E+01   
 7.410000E-01    2.971843E+01   
 7.420000E-01    2.965212E+01   
 7.430000E-01    2.959765E+01   
 7.440000E-01    2.955637E+01   
 7.450000E-01    2.952929E+01   
 7.460000E-01    2.951708E+01   
 7.470000E-01    2.952005E+01   
 7.480000E-01    2.953811E+01   
 7.490000E-01    2.957083E+01   
 7.500000E-01    2.961739E+01   
 7.510000E-01    2.967665E+01   
 7.520000E-01    2.974716E+01   
 7.530000E-01    2.982717E+01   
 7.540000E-01    2.991472E+01   
 7.550000E-01    3.000765E+01   
 7.560000E-01    3.010367E+01   
 7.570000E-01    3.020041E+01   
 7.580000E-01    3.029551E+01   
 7.590000E-01    3.038660E+01   
 7.600000E-01    3.047146E+01   
 7.610000E-01    3.054798E+01   
 7.620000E-01    3.061430E+01   
 7.630000E-01    3.066877E+01   
 7.640000E-01    3.071005E+01   
 7.650000E-01    3.073712E+01   
 7.660000E-01    3.074933E+01   
 7.670000E-01    3.074637E+01   
 7.680000E-01    3.072830E+01   
 7.690000E-01    3.069559E+01   
 7.700000E-01    3.064903E+01   
 7.710000E-01    3.058976E+01   
 7.720000E-01    3.051925E+01   
 7.730000E-01    3.043924E+01   
 7.740000E-01    3.035169E+01   
 7.750000E-01    3.025877E+01   
 7.760000E-01    3.016275E+01   
 7.770000E-01    3.006600E+01   
 7.780000E-01    2.997091E+01   
 7.790000E-01    2.987981E+01   
 7.800000E-01    2.979495E+01   
 7.810000E-01    2.971843E+01   
 7.820000E-01    2.965211E+01   
 7.830000E-01    2.959764E+01   
 7.840000E-01    2.955636E+01   
 7.850000E-01    2.952929E+01   
 7.860000E-01    2.951708E+01   
 7.870000E-01    2.952004E+01   
 7.880000E-01    2.953810E+01   
 7.890000E-01    2.957082E+01   
 7.900000E-01    2.961738E+01   
 7.910000E-01    2.967665E+01   
 7.920000E-01    2.974715E+01   
 7.930000E-01    2.982717E+01   
 7.940000E-01    2.991471E+01   
 7.950000E-01    3.000764E+01   
 7.960000E-01    3.010366E+01   
 7.970000E-01    3.020041E+01   
 7.980000E-01    3.029550E+01   
 7.990000E-01    3.038659E+01   
 8.000000E-01    3.047145E+01   
 8.010000E-01    3.054798E+01   
 8.020000E-01    3.061429E+01   
 8.030000E-01    3.066876E+01   
 8.040000E-01    3.071004E+01   
 8.050000E-01    3.073712E+01   
 8.060000E-01    3.074933E+01   
 8.070000E-01    3.074636E+01   
 8.080000E-01    3.072830E+01   
 8.090000E-01    3.069558E+01   
 8.100000E-01    3.064902E+01   
 8.110000E-01    3.058975E+01   
 8.120000E-01    3.051925E+01   
 8.130000E-01    3.043924E+01   
 8.140000E-01    3.035169E+01   
 8.150000E-01    3.025876E+01   
 8.160000E-01    3.016274E+01   
 8.170000E-01    3.006599E+01   
 8.180000E-01    2.997090E+01   
 8.190000E-01    2.987980E+01   
 8.200000E-01    2.979495E+01   
 8.210000E-01    2.971842E+01   
 8.220000E-01    2.965211E+01   
 8.230000E-01    2.959764E+01   
 8.240000E-01    2.955636E+01   
 8.250000E-01    2.952928E+01   
 8.260000E-01    2.951707E+01   
 8.270000E-01    2.952004E+01   
 8.280000E-01    2.953810E+01   
 8.290000E-01    2.957081E+01   
 8.300000E-01    2.961738E+01   
 8.310000E-01    2.967664E+01   
 8.320000E-01    2.974715E+01   
 8.330000E-01    2.982716E+01   
 8.340000E-01    2.991471E+01   
 8.350000E-01    3.000764E+01   
 8.360000E-01    3.010365E+01   
 8.370000E-01    3.020040E+01   
 8.380000E-01    3.029549E+01   
 8.390000E-01    3.038659E+01   
 8.400000E-01    3.047145E+01   
 8.410000E-01    3.054797E+01   
 8.420000E-01    3.061429E+01   
 8.430000E-01    3.066876E+01   
 8.440000E-01    3.071004E+01   
 8.450000E-01    3.073711E+01   
 8.460000E-01    3.074932E+01   
 8.470000E-01    3.074636E+01   
 8.480000E-01    3.072829E+01   
 8.490000E-01    3.069558E+01   
 8.500000E-01    3.064901E+01   
 8.510000E-01    3.058975E+01   
 8.520000E-01    3.051924E+01   
 8.530000E-01    3.043923E+01   
 8.540000E-01    3.035168E+01   
 8.550000E-01    3.025875E+01   
 8.560000E-01    3.016273E+01   
 8.570000E-01    3.006599E+01   
 8.580000E-01    2.997090E+01   
 8.590000E-01    2.987980E+01   
 8.600000E-01    2.979494E+01   
 8.610000E-01    2.971841E+01   
 8.620000E-01    2.965210E+01   
 8.630000E-01    2.959763E+01   
 8.640000E-01    2.955635E+01   
 8.650000E-01    2.952927E+01   
 8.660000E-01    2.951707E+01   
 8.670000E-01    2.952003E+01   
 8.680000E-01    2.953809E+01   
 8.690000E-01    2.957081E+01   
 8.700000E-01    2.961737E+01   
 8.710000E-01    2.967664E+01   
 8.720000E-01    2.974714E+01   
 8.730000E-01    2.982715E+01   
 8.740000E-01    2.991470E+01   
 8.750000E-01    3.000763E+01   
 8.760000E-01    3.010365E+01   
 8.770000E-01    3.020040E+01   
 8.780000E-01    3.029549E+01   
 8.790000E-01    3.038658E+01   
 8.800000E-01    3.047144E+01   
 8.810000E-01    3.054797E+01   
 8.820000E-01    3.061428E+01   
 8.830000E-01    3.066875E+01   
 8.840000E-01    3.071003E+01   
 8.850000E-01    3.073711E+01   
 8.860000E-01    3.074931E+01   
 8.870000E-01    3.074635E+01   
 8.880000E-01    3.072829E+01   
 8.890000E-01    3.069557E+01   
 8.900000E-01    3.064901E+01   
 8.910000E-01    3.058974E+01   
 8.920000E-01    3.051924E+01   
 8.930000E-01    3.043922E+01   
 8.940000E-01    3.035168E+01   
 8.950000E-01    3.025875E+01   
 8.960000E-01    3.016273E+01   
 8.970000E-01    3.006598E+01   
 8.980000E-01    2.997089E+01   
 8.990000E-01    2.987979E+01   
 9.000000E-01    2.979494E+01   
 9.010000E-01    2.971841E+01   
 9.020000E-01    2.965209E+01   
 9.030000E-01    2.959763E+01   
 9.040000E-01    2.955635E+01   
 9.050000E-01    2.952927E+01   
 9.060000E-01    2.951706E+01   
 9.070000E-01    2.952002E+01   
 9.080000E-01    2.953809E+01   
 9.090000E-01    2.957080E+01   
 9.100000E-01    2.961737E+01   
 9.110000E-01    2.967663E+01   
 9.120000E-01    2.974714E+01   
 9.130000E-01    2.982715E+01   
 9.140000E-01    2.991470E+01   
 9.150000E-01    3.000762E+01   
 9.160000E-01    3.010364E+01   
 9.170000E-01    3.020039E+01   
 9.180000E-01    3.029548E+01   
 9.190000E-01    3.038658E+01   
 9.200000E-01    3.047143E+01   
 9.210000E-01    3.054796E+01   
 9.220000E-01    3.061428E+01   
 9.230000E-01    3.066874E+01   
 9.240000E-01    3.071002E+01   
 9.250000E-01    3.073710E+01   
 9.260000E-01    3.074931E+01   
 9.270000E-01    3.074634E+01   
 9.280000E-01    3.072828E+01   
 9.290000E-01    3.069557E+01   
 9.300000E-01    3.064900E+01   
 9.310000E-01    3.058974E+01   
 9.320000E-01    3.051923E+01   
 9.330000E-01    3.043922E+01   
 9.340000E-01    3.035167E+01   
 9.350000E-01    3.025874E+01   
 9.360000E-01    3.016272E+01   
 9.370000E-01    3.006598E+01   
 9.380000E-01    2.997088E+01   
 9.390000E-01    2.987979E+01   
 9.400000E-01    2.979493E+01   
 9.410000E-01    2.971840E+01   
 9.420000E-01    2.965209E+01   
 9.430000E-01    2.959762E+01   
 9.440000E-01    2.955634E+01   
 9.450000E-01    2.952926E+01   
 9.460000E-01    2.951706E+01   
 9.470000E-01    2.952002E+01   
 9.480000E-01    2.953808E+01   
 9.490000E-01    2.957080E+01   
 9.500000E-01    2.961736E+01   
 9.510000E-01    2.967662E+01   
 9.520000E-01    2.974713E+01   
 9.530000E-01    2.982714E+01   
 9.540000E-01    2.991469E+01   
 9.550000E-01    3.000762E+01   
 9.560000E-01    3.010364E+01   
 9.570000E-01    3.020038E+01   
 9.580000E-01    3.029548E+01   
 9.590000E-01    3.038657E+01   
 9.600000E-01    3.047143E+01   
 9.610000E-01    3.054796E+01   
 9.620000E-01    3.061427E+01   
 9.630000E-01    3.066874E+01   
 9.640000E-01    3.071002E+01   
 9.650000E-01    3.073710E+01   
 9.660000E-01    3.074930E+01   
 9.670000E-01    3.074634E+01   
 9.680000E-01    3.072828E+01   
 9.690000E-01    3.069556E+01   
 9.700000E-01    3.064900E+01   
 9.710000E-01    3.058973E+01   
 9.720000E-01    3.051923E+01   
 9.730000E-01    3.043921E+01   
 9.740000E-01    3.035167E+01   
 9.750000E-01    3.025874E+01   
 9.760000E-01    3.016272E+01   
 9.770000E-01    3.006597E+01   
 9.780000E-01    2.997088E+01   
 9.790000E-01    2.987978E+01   
 9.800000E-01    2.979493E+01   
 9.810000E-01    2.971840E+01   
 9.820000E-01    2.965208E+01   
 9.830000E-01    2.959762E+01   
 9.840000E-01    2.955633E+01   
 9.850000E-01    2.952926E+01   
 9.860000E-01    2.951705E+01   
 9.870000E-01    2.952001E+01   
 9.880000E-01    2.953808E+01   
 9.890000E-01    2.957079E+01   
 9.900000E-01    2.961736E+01   
 9.910000E-01    2.967662E+01   
 9.920000E-01    2.974713E+01   
 9.930000E-01    2.982714E+01   
 9.940000E-01    2.991469E+01   
 9.950000E-01    3.000761E+01   
 9.960000E-01    3.010363E+01   
 9.970000E-01    3.020038E+01   
 9.980000E-01    3.029547E+01   
 9.990000E-01    3.038657E+01   
 1.000000E+00    3.047142E+01   
